17 0.0378318
17 0.012944
17 0.0321722
14 0.0224728
1 0.0321011
8 0.0284706
16 0.0209973
16 0.0119293
17 0.0166573
14 0.00581489
8 0.0146599
14 0.0149386
17 0.0292885
17 0.0267761
14 0.00871263
14 0.0183858
8 0.0264039
16 0.0215075
16 0.0276063
16 0.0163801
16 0.0555432
6 0.0451483
8 0.0251972
1 0.00306658
17 0.0146872
17 0.0162481
17 0.0225758
1 0.00912336
17 0.00793343
9 0.0191423
16 0.0349555
16 0.0616336
6 0.0257807
1 0.0120204
14 0.0158005
14 0.026488
14 0.0255692
14 0.0209025
8 0.0286718
14 0.0326293
16 0.0356292
6 0.0507862
14 0.0140338
14 0.0250608
1 0.0208332
1 0.0291593
1 0.0255816
1 0.0238471
17 0.0337915
1 0.0101181
14 0.0329604
1 0.0156287
1 0.0333758
14 0.0240581
14 0.0206583
17 0.015242
14 0.0234894
17 0.0128284
8 0.021497
17 0.022767
14 0.0226652
1 0.028481
14 0.00716904
14 0.0210575
8 0.039131
14 0.0157568
16 0.0342927
8 0.026969
8 0.0259986
17 0.00793691
17 0.00839892
17 0.027612
17 0.0125961
17 0.0112002
17 0.0299237
17 0.0254762
14 0.00609269
14 0.0189854
14 0.0241046
14 0.0263191
8 0.0245792
14 0.0243161
14 0.0223034
14 0.0169632
14 0.0322144
14 0.0210447
8 0.0241036
14 0.0236859
16 0.0369321
16 0.0150988
8 0.0422849
8 0.028254
1 0.0178243
1 0.0225231
17 0.0297746
1 0.0197733
14 0.00742437
17 0.00471398
16 0.0350926
16 0.0294826
8 0.0180472
8 0.0147484
14 0.0138316
14 0.0114073
8 0.0288748
17 0.0110964
17 0.0133287
14 0.0190557
14 0.0134953
17 0.0100981
14 0.0259869
14 0.0159078
17 0.0124361
9 0.0131452
9 0.0382441
1 0.0109705
1 0.0180829
9 0.0243432
9 0.0250904
17 0.0194726
14 0.0220182
1 0.0204956
1 0.0107197
1 0.0221561
1 0.0109605
9 0.0107116
9 0.0138166
17 0.0250634
1 0.0286325
17 0.0151206
17 0.027209
1 0.0165602
14 0.0167609
8 0.0193173
8 0.0259738
8 0.0324756
16 0.0300949
16 0.0319178
8 0.0260822
17 0.0207191
17 0.0209841
14 0.0291592
17 0.0142514
17 0.0286741
14 0.0253689
1 0.0329709
14 0.0243567
17 0.026402
8 0.0137141
16 0.0306945
14 0.0216252
1 0.041687
17 0.00372994
17 0.0210439
14 0.0196487
14 0.0345107
14 0.0202897
17 0.00904367
14 0.00742367
14 0.036321
8 0.0362978
17 0.0137869
14 0.0292366
14 0.0259756
16 0.0273407
6 0.0263294
16 0.0263782
9 0.0628234
17 0.024298
1 0.0211725
1 0.0176101
1 0.0141586
9 0.0400653
14 0.0324369
8 0.0292963
1 0.0292257
1 0.027099
17 0.0261454
14 0.0176006
8 0.0375554
14 0.00977434
14 0.0375364
8 0.0155095
8 0.029672
8 0.0268262
9 0.0315969
1 0.0194995
17 0.00890988
9 0.0243742
9 0.0171892
1 0.0234757
17 0.0245668
17 0.0292443
14 0.0400877
1 0.0274473
1 0.034722
14 0.02133
14 0.0332982
17 0.0281816
17 0.0167118
14 0.023532
1 0.0279013
8 0.0332443
8 0.0465375
9 0.0448428
1 0.00563316
17 0.0213302
9 0.0415844
17 0.0195277
1 0.037175
17 0.0298318
17 0.017981
14 0.0362393
1 0.0264922
1 0.0296939
14 0.00811453
8 0.0175245
16 0.0123168
14 0.030487
1 0.0284121
8 0.0294488
14 0.00966821
1 0.0164661
1 0.0126962
17 0.0255036
17 0.0327737
14 0.036139
1 0.0198479
1 0.0256797
1 0.0250174
1 0.00696235
17 0.0154415
17 0.0240481
17 0.0289142
1 0.0163078
9 0.0108835
14 0.0278052
1 0.0191512
14 0.0191596
1 0.013946
14 0.0213762
1 0.0400269
14 0.0137332
17 0.017029
1 0.0230079
14 0.011676
14 0.0232613
9 0.022234
1 0.0136864
9 0.0209628
1 0.0356991
9 0.00551909
9 0.0207679
14 0.0194219
1 0.0184038
9 0.0156017
17 0.00743536
17 0.0341749
1 0.00930131
9 0.0152631
17 0.0201235
8 0.0197401
1 0.0222734
1 0.00463567
1 0.0321687
1 0.0193677
1 0.0169898
14 0.0214609
9 0.0145051
1 0.0360044
16 0.00782754
14 0.0222295
1 0.0255795
14 0.0149688
8 0.0239915
8 0.0338689
1 0.0112612
17 0.0147435
17 0.00283617
17 0.0134096
17 0.00989269
8 0.0334516
1 0.00774683
1 0.00429425
14 0.0289943
14 0.00895647
17 0.0216225
1 0.0272427
17 0.0234627
1 0.0106149
14 0.0185763
1 0.0220045
8 0.0210454
16 0.0465685
17 0.0227048
17 0.0212924
1 0.0176628
17 0.0268746
8 0.0224482
1 0.0307385
1 0.0185699
14 0.0238441
14 0.00389403
14 0.0390153
8 0.0270602
14 0.0448048
14 0.0258118
14 0.0129387
17 0.0160794
14 0.00459237
8 0.0283164
8 0.00858231
14 0.0285207
14 0.00338442
1 0.00389575
1 0.0283212
17 0.0228892
17 0.0278031
14 0.00605152
14 0.0116389
9 0.0102504
17 0.0145469
17 0.0270091
14 0.014454
17 0.0262455
1 0.0282621
14 0.020791
8 0.00611546
14 0.0305177
14 0.0137138
16 0.0184922
8 0.0321338
16 0.057748
8 0.0257164
14 0.0267115
14 0.00871339
14 0.0190252
17 0.0234414
14 0.0154234
17 0.0258782
8 0.0173235
14 0.0204105
1 0.018646
17 0.00929239
17 0.0259792
8 0.0216723
14 0.0270146
1 0.0115929
8 0.0261353
8 0.0194884
14 0.0125975
17 0.0295664
17 0.0193429
1 0.0204583
8 0.033799
17 0.0222601
14 0.0271907
14 0.0155148
1 0.0169787
16 0.00994043
16 0.00882419
14 0.0119252
14 0.0145633
1 0.0066731
17 0.0232683
17 0.0130025
17 0.0107177
17 0.0159654
14 0.0148363
14 0.0100539
17 0.0201264
1 0.0148442
17 0.0110977
17 0.0114208
14 0.0240755
1 0.0103179
16 0.0256267
8 0.0391032
16 0.0217055
1 0.0275985
17 0.00173318
17 0.0177492
8 0.0138888
9 0.0393898
8 0.00987295
14 0.00751354
14 0.0322731
14 0.0292119
1 0.0321042
17 0.00538884
1 0.00428508
14 0.0179882
1 0.0231969
1 0.0323759
8 0.00437094
14 0.02594
9 0.0299206
1 0.0253322
9 0.0144718
17 0.0214818
9 0.0115384
1 0.020496
17 0.0191216
17 0.0248713
14 0.0745699
9 0.164099
1 0.00669713
9 0.0251427
9 0.0299114
1 0.0209299
9 0.0190837
1 0.00903992
1 0.024704
17 0.0281197
9 0.0341031
1 0.0255469
1 0.0376937
16 0.0267394
8 0.0374315
14 0.016339
14 0.0240631
17 0.0258757
8 0.0254682
8 0.0154392
16 0.0239311
6 0.0741821
1 0.0123926
17 0.0204362
17 0.0139045
1 0.0292088
14 0.0198593
17 0.0308965
17 0.02056
1 0.0214381
1 0.0163175
1 0.0293482
1 0.00990234
17 0.0277156
1 0.0262893
8 0.0249693
16 0.0148958
17 0.0161933
1 0.0261691
17 0.0335396
14 0.0373488
17 0.0182369
1 0.0129098
14 0.0258535
14 0.0195896
14 0.026493
17 0.0161545
14 0.0223951
14 0.0301313
14 0.0103486
16 0.0244411
8 0.0184374
16 0.0155073
8 0.0131622
1 0.0173444
1 0.0216356
1 0.022728
17 0.0302751
17 0.0119361
1 0.0198249
8 0.0150582
14 0.0409985
17 0.0274351
17 0.0150409
1 0.0057027
17 0.00399645
17 0.0247603
14 0.021493
14 0.0327444
14 0.00523279
8 0.00574224
14 0.00438301
17 0.0135556
14 0.00623858
17 0.0285736
8 0.0081342
8 0.0218877
1 0.0104288
1 0.00870019
9 0.0334162
17 0.0179575
17 0.0217874
17 0.0419096
9 0.0354389
1 0.0225843
1 0.00745629
17 0.018958
17 0.00513616
9 0.025508
1 0.0354477
17 0.0166433
17 0.0119243
14 0.0287922
1 0.0422827
14 0.0417013
14 0.0284709
1 0.0275375
14 0.014115
9 0.0375535
8 0.00959395
14 0.0256099
17 0.0106398
14 0.027892
17 0.0295392
1 0.0118121
1 0.0102806
1 0.0221769
1 0.0272062
17 0.0308363
1 0.0168227
14 0.0452666
9 0.0361248
16 0.0412493
16 0.0240609
8 0.020014
8 0.00995927
8 0.00586915
8 0.0195327
8 0.0186204
8 0.0364428
1 0.0323676
17 0.0184699
17 0.00775253
17 0.0219844
14 0.0375594
16 0.0302765
8 0.019736
6 0.0594039
6 0.0569805
16 0.0215114
17 0.0228112
17 0.016176
1 0.0101202
17 0.00809416
17 0.0297982
14 0.0125325
17 0.0167639
9 0.0254255
1 0.0314406
17 0.0181692
14 0.0203738
16 0.0320845
9 0.0242962
17 0.0215483
1 0.0360507
17 0.0345661
8 0.0580284
9 0.020146
17 0.0606275
9 0.115554
17 0.0286453
14 0.0120638
14 0.0316503
14 0.0292459
16 0.0260404
16 0.0554302
6 0.0449045
16 0.0323772
8 0.0074311
16 0.0276872
17 0.02182
8 0.0241668
8 0.0240412
16 0.0298195
16 0.00998107
8 0.022171
17 0.0203801
14 0.0106685
14 0.00719753
14 0.00939368
14 0.0124216
8 0.0380414
1 0.0337879
17 0.0244796
17 0.0254472
17 0.019005
1 0.0496425
14 0.0298733
17 0.0269775
14 0.0051917
14 0.00108323
14 0.0102085
16 0.0246025
8 0.0180938
14 0.0124075
17 0.021894
1 0.0124916
1 0.0251484
14 0.0481956
1 0.0130311
9 0.030599
14 0.0301738
14 0.0114165
14 0.0257129
8 0.0302773
14 0.0121157
16 0.0264959
8 0.0161142
14 0.00974375
8 0.0233746
1 0.0172841
8 0.0193699
1 0.0370937
14 0.0288894
14 0.0131441
17 0.0226023
1 0.0144147
14 0.0287047
17 0.0372997
1 0.030625
1 0.0490366
17 0.0270776
1 0.013076
17 0.0230672
17 0.0991144
9 0.113662
14 0.0179052
17 0.0380954
8 0.0503611
1 0.0216363
9 0.0459181
17 0.029512
14 0.0168674
8 0.0344307
16 0.00749593
16 0.0323664
8 0.0226075
14 0.0166419
14 0.0202118
17 0.0109055
17 0.0176097
17 0.025321
8 0.0283077
14 0.0267585
17 0.0328669
1 0.0107921
8 0.0283485
8 0.0346775
8 0.031391
17 0.0335951
1 0.0234493
8 0.0307597
8 0.0227667
17 0.0258556
14 0.0314917
14 0.0271079
16 0.00736742
6 0.0530694
17 0.0238172
17 0.0202212
14 0.0152334
14 0.0247985
8 0.0251856
16 0.0365462
16 0.0361919
8 0.0145285
8 0.0273152
17 0.0286546
14 0.0155263
8 0.0227708
8 0.0147881
14 0.00860091
16 0.0392974
17 0.0313763
8 0.0382684
6 0.0375592
6 0.0148812
16 0.0147162
6 0.0462538
6 0.00818441
6 0.0381153
8 0.0186243
16 0.0147056
6 0.0090498
14 0.0219349
1 0.00714093
1 0.0306525
14 0.0280904
1 0.0160489
1 0.0102474
1 0.00317113
14 0.0256898
1 0.0350946
9 0.0291726
8 0.0232687
17 0.0199018
17 0.0223793
14 0.0152893
17 0.00926502
8 0.0166823
1 0.0211478
1 0.0192649
17 0.00747111
17 0.0194876
1 0.0431127
17 0.0180502
4 0
5 0
11 0.0371133
11 0.040474
11 0.0397582
11 0.0379291
11 0.0397498
11 0.0366925
11 0.0302829
11 0.0219316
11 0.0328815
11 0.0328112
11 0.0403335
11 0.0622138
11 0.0607087
11 0.0485031
11 0.0456347
11 0.00931283
11 0.00502921
11 0.00534897
7 0.0299722
11 0.00913236
11 0.059028
11 0.0404452
7 0.0523956
7 0.0461166
7 0.0447175
11 0.0202212
11 0.0269047
7 0.0415685
11 0.0204564
11 0.0222255
7 0.0424689
11 0.0424966
11 0.0251045
11 0.0494047
11 0.0473188
7 0.0203976
7 0.0451066
11 0.0450347
7 0.0132497
7 0.034045
11 0.0489887
7 0.0131426
7 0.0292308
7 0.0199686
7 0.024304
11 0.0418008
13 0.0337329
7 0.0317877
13 0.0426016
7 0.0228305
11 0.0565683
7 0.0422464
7 0.0447471
7 0.0439532
11 0.0530245
13 0.0283758
11 0.0420168
7 0.0614402
11 0.0467405
18 0.0288263
13 0.0237158
11 0.0424578
18 0.0252921
13 0.0223425
7 0.0336066
18 0.0314102
7 0.0353545
13 0.0211444
7 0.0151553
7 0.0452457
13 0.0543668
13 0.016399
10 0.0455152
18 0.0289782
7 0.0175463
7 0.0170284
13 0.0166787
11 0.0554787
11 0.0583286
13 0.0394732
13 0.0614602
13 0.046345
7 0.0180281
7 0.0105124
7 0.0102106
18 0.0455446
11 0.0407228
18 0.0406287
7 0.0101189
7 0.0133792
7 0.00833164
7 0.0123299
18 0.0272142
13 0.0429884
13 0.0591059
7 0.0557718
13 0.0457741
13 0.0434308
11 0.0440896
18 0.0234037
13 0.0475468
18 0.0551803
7 0.0305053
18 0.0214766
18 0.0453026
11 0.0200882
18 0.0252129
18 0.0325452
7 0.0298153
18 0.0334448
11 0.0428502
18 0.0435369
7 0.0374296
13 0.0371303
18 0.0214332
18 0.0487127
13 0.034994
18 0.0274787
13 0.0307625
10 0.0333893
13 0.040265
15 0.0506832
15 0.0497662
13 0.0421844
10 0.0238982
13 0.0536798
15 0.0389241
13 0.0439413
13 0.0523519
18 0.0515314
13 0.0305684
15 0.0343297
13 0.0256838
15 0.0321058
13 0.0298056
13 0.0253477
15 0.0451724
13 0.0197147
13 0.0182298
10 0.0212326
18 0.0461115
13 0.0198884
10 0.0195477
13 0.0103969
18 0.0414351
13 0.0125258
10 0.0239758
18 0.0439476
13 0.0158123
13 0.00789498
15 0.0493255
7 0.056501
11 0.0389905
15 0.056184
13 0.00622777
15 0.0203288
13 0.0140108
18 0.0327302
13 0.0122044
13 0.016945
13 0.0223236
13 0.0318766
12 0.0428161
10 0.030134
3 0.0316562
13 0.0196399
10 0.0289641
13 0.0263251
3 0.0608179
13 0.0232163
13 0.0263097
13 0.0238691
15 0.0380569
7 0.0378358
10 0.0391188
12 0.0357834
12 0.024517
3 0.032476
15 0.0563412
7 0.0829481
12 0.0135068
13 0.0408585
12 0.0174022
13 0.0424608
13 0.0427945
10 0.0260391
7 0.0867546
13 0.0466087
12 0.0286619
15 0.0515706
18 0.0578077
18 0.0276492
12 0.0370095
13 0.0284564
3 0.0502684
18 0.0396913
18 0.0410735
12 0.0542387
12 0.0469316
18 0.0541376
10 0.0213716
12 0.051593
15 0.0724172
3 0.0197448
18 0.0383629
15 0.0627095
3 0.047716
18 0.030282
10 0.0446919
12 0.0566283
18 0.0432063
10 0.0825946
2 0.0085325
2 0.0016458
2 0.00423992
2 0.00113022
2 0.0118437
2 0.00174342
2 0.00772945
2 0.00804048
