16 0.0889269
1 0.00715902
18 0.117039
2 0.00170929
2 0.00160621
2 0.00157271
12 0.127184
10 0.19779
1 0.00588288
19 0.0470072
2 0.00145521
2 0.00184337
2 0.00281251
2 0.00416432
19 0.107362
1 0.00598492
12 0.138667
2 0.00118939
2 0.00545188
2 0.00102439
20 0.109336
1 0.0061173
12 0.175898
2 0.00267581
2 0.00333306
2 0.00403286
21 0.054726
19 0.0446024
1 0.00726232
18 0.10425
2 0.00212693
2 0.00161219
19 0.0392076
20 0.155003
2 0.00282173
2 0.00456672
23 0
1 0.00553267
1 0.00567259
10 0.0902829
2 0.0014982
2 0.00174301
2 0.000787506
2 0.00588427
2 0.00124055
12 0.14611
1 0.00582121
2 0.0437409
2 0.00349362
12 0.0752915
4 0.112602
2 0.00115898
10 0.0809937
20 0.121966
2 0.00218094
2 0.00401208
2 0.00202557
19 0.0938562
1 0.00632683
18 0.119431
2 0.00157162
2 0.00138502
15 0.0692365
1 0.00653745
1 0.00670486
20 0.0902205
2 0.00593888
2 0.00261152
2 0.00251201
2 0.00231588
2 0.00246374
2 0.00158464
21 0.128966
4 0.0469863
12 0.107196
12 0.125302
21 0.0877724
18 0.0475451
19 0.0479866
2 0.00222148
10 0.0610094
2 0.00313181
10 0.0624646
2 0.00361396
21 0.111211
21 0.100989
7 0.0470069
17 0
1 0.00617118
1 0.00601709
1 0.00664445
1 0.0063809
1 0.00637579
1 0.00648572
4 0.0762084
2 0.0015724
2 0.00180839
2 0.00257262
2 0.000981274
2 0.000948378
2 0.00250908
2 0.00130694
2 0.00091501
2 0.00343878
2 0.00393145
2 0.00267886
2 0.00388989
2 0.00101501
10 0.141994
4 0.0628456
2 0.00183068
18 0.218111
1 0.158959
1 0.00646466
1 0.00648919
4 0.0455267
2 0.00121299
2 0.00121844
2 0.00465371
2 0.00078468
2 0.00167176
2 0.00469512
4 0.0542192
18 0.053656
21 0.11853
10 0.070554
20 0.129488
2 0.00137619
2 0.002644
2 0.00161788
16 0.0696106
1 0.00637614
4 0.134433
2 0.00218897
2 0.00179864
2 0.00128527
2 0.0012733
19 0.0852739
18 0.088313
1 0.00538061
2 0.12658
2 0.0099616
4 0.212874
1 0.00691302
1 0.00700794
4 0.103086
2 0.000904602
2 0.00419744
2 0.00211058
2 0.00587907
2 0.00783414
13 0.137428
1 0.00737742
1 0.00750025
20 0.0461004
2 0.00221105
2 0.0017647
2 0.00151456
2 0.00124554
2 0.0039058
2 0.0262567
12 0.0623876
20 0.114323
2 0.00338977
2 0.00142965
8 0
1 0.112854
1 0.00676715
1 0.00725275
1 0.0067637
1 0.00738076
10 0.0672538
2 0.000918801
2 0.00532781
2 0.00260904
2 0.00128067
2 0.00320047
2 0.00101814
2 0.00328636
2 0.00111021
2 0.00132543
2 0.00124651
2 0.00175168
4 0.102842
1 0.00691216
4 0.0579159
2 0.00423098
2 0.00235399
2 0.00357415
21 0.0911932
21 0.0516225
20 0.100874
2 0.000800737
2 0.00627366
4 0.0150172
10 0.142198
2 0.00174538
2 0.00476166
19 0.0446642
19 0.0490379
2 0.00292823
2 0.00189796
19 0.0347903
18 0.113321
1 0.00533542
20 0.0444832
2 0.00571283
2 0.00639891
2 0.00393153
12 0.181122
21 0.116494
21 0.125963
12 0.06012
4 0.0616321
18 0.117736
19 0.0447084
2 0.0100497
13 0.188006
1 0.00603571
1 0.00646176
1 0.00618194
1 0.00649638
12 0.0664503
2 0.00158134
2 0.00369315
2 0.000880609
2 0.00574211
2 0.00115394
2 0.00117881
2 0.00281134
2 0.00156067
7 0.0804701
11 0
16 0.0839787
1 0.00597594
1 0.0060436
1 0.00638458
1 0.00618515
1 0.00617665
1 0.00625108
1 0.0144548
2 0.00309346
2 0.00278268
2 0.00128629
2 0.0041546
2 0.00322409
2 0.000686461
2 0.00181739
2 0.000716151
2 0.00687559
2 0.00100034
2 0.00188072
2 0.0011475
2 0.000737852
2 0.000858961
2 0.00336652
2 0.000890268
20 0.152019
1 0.00661428
12 0.121322
2 0.00168085
2 0.00284744
2 0.00196302
19 0.152908
1 0.00572222
20 0.067224
2 0.00265901
2 0.00584411
2 0.00514587
2 0.0015641
2 0.141689
1 0.00518055
10 0.129265
2 0.00155368
2 0.00118966
2 0.00328674
10 0.124943
19 0.0496418
2 0.00141441
2 0.00106331
4 0.157056
1 0.00573571
1 0.00572499
18 0.0686189
2 0.00288034
2 0.000989272
2 0.003598
2 0.00124451
10 0.0827848
2 0.00419017
4 0.13037
1 0.00727645
18 0.150016
2 0.00604905
2 0.00363419
12 0.0123939
20 0.0937811
19 0.0516014
2 0.0012278
2 0.00646608
15 0.177577
1 0.00667605
1 0.00709799
1 0.00697565
19 0.0489103
2 0.001683
2 0.00272887
2 0.00459757
2 0.00136667
2 0.00384702
2 0.00129044
2 0.00201176
19 0.150158
1 0.00634691
4 0.116711
2 0.00460248
2 0.00305125
2 0.00193599
7 0.105888
16 0.12225
1 0.00591667
1 0.00619637
1 0.00610423
20 0.118218
2 0.0018496
2 0.00347169
2 0.00126036
2 0.00214066
2 0.00271113
2 0.0018371
2 0.00414283
2 0.000822463
2 0.00168635
21 0.106141
1 0.00692609
18 0.062071
2 0.00137043
2 0.00520591
20 0.0603721
10 0.0968334
2 0.00118658
2 0.00159587
18 0.0246397
20 0.0378283
2 0.00245029
18 0.163742
1 0.00703006
12 0.0317015
2 0.00082184
2 0.00535543
10 0.144114
1 0.0064006
18 0.0542905
2 0.00397285
2 0.00131156
18 0.147001
1 0.122788
1 0.00658732
1 0.0904001
2 0.00277144
2 0.000940617
2 0.00158644
2 0.000748088
2 0.00340076
18 0.0543114
1 0.00619153
18 0.0703451
2 0.00218655
19 0.100257
20 0.0235875
2 0.00164321
2 0.00118229
12 0.189055
1 0.00686542
10 0.0980045
2 0.00250149
2 0.0015257
2 0.00207372
12 0.0662362
4 0.199648
1 0.00639926
1 0.0064629
18 0.0824618
2 0.00113205
2 0.00390132
2 0.00228391
2 0.00513058
10 0.0770458
21 0.0523785
2 0.00244188
21 0.153257
1 0.00731516
12 0.138946
2 0.00712077
2 0.00278319
21 0.0516152
10 0.100809
2 0.000943526
18 0.0410712
1 0.0976338
2 0.00126895
2 0.00287765
20 0.0111102
18 0.052481
2 0.00582432
16 0.0423862
1 0.00692798
19 0.161486
2 0.00147856
2 0.00246644
2 0.000937017
2 0.00403035
18 0.18972
1 0.00692138
1 0.0072472
21 0.0641399
2 0.00612684
2 0.00472461
2 0.00116998
2 0.00115009
15 0.117072
1 0.0067113
1 0.0066314
12 0.113652
2 0.00132601
2 0.00436187
2 0.00797505
2 0.00180667
15 0.0308362
1 0.00583336
1 0.0059235
20 0.0839862
2 0.00735952
2 0.00243733
2 0.00367983
2 0.00339938
2 0.00470781
2 0.00279035
10 0.0943196
4 0.0904324
2 0.000918301
2 0.000695213
1 0.0945416
19 0.0532162
2 0.0041035
2 0.00171483
18 0.158125
1 0.00585877
1 0.00590555
2 0.0395269
2 0.00188002
2 0.00296381
2 0.000740006
19 0.0739067
1 0.00622746
12 0.0987541
2 0.00125332
2 0.00152682
2 0.00315754
10 0.17931
1 0.00671521
20 0.0336347
2 0.00414336
2 0.00177621
2 0.00347267
2 0.010131
2 0.000785293
10 0.258907
1 0.00594405
1 0.00587847
4 0.0473762
2 0.00581207
2 0.00192651
2 0.00492013
2 0.00381666
2 0.00272246
18 0.126238
1 0.00568526
21 0.0172236
2 0.00303328
2 0.000733482
13 0.0345921
1 0.00577579
1 0.0062269
1 0.0061645
21 0.0688025
2 0.00301703
2 0.00127065
2 0.00246163
2 0.0021848
2 0.00450422
2 0.00127455
2 0.00121987
13 0.0509475
1 0.00610152
1 0.00650504
1 0.00650656
4 0.0501762
2 0.00235262
2 0.00169588
2 0.00242786
2 0.00344855
2 0.0021441
2 0.00374491
2 0.00568172
15 0.0938703
1 0.00712377
1 0.00724148
21 0.131931
2 0.00228674
2 0.000906178
2 0.00136478
2 0.0018933
2 0.00601553
16 0.12942
1 0.00689655
1 0.00693046
21 0.0473506
2 0.00254203
2 0.00419324
2 0.00434572
2 0.00149126
2 0.00571014
12 0.0997285
1 0.00714823
2 0.0430884
2 0.00132701
4 0.045322
12 0.135584
18 0.0597387
10 0.0955154
2 0.0038645
10 0.15113
18 0.0551696
7 0.0222802
6 0
1 0.00626142
1 0.0062602
1 0.00657729
1 0.00635814
1 0.00674932
21 0.0186436
2 0.000718552
2 0.00156
2 0.00170341
2 0.0020237
2 0.00102784
2 0.00134287
2 0.00191218
2 0.00334575
2 0.00223828
2 0.00282919
2 0.00147698
4 0.0676007
1 0.00593531
21 0.0496117
2 0.00428264
2 0.000871362
2 0.00182561
10 0.272133
1 0.00637145
1 0.00642141
4 0.122146
2 0.00496999
2 0.002273
2 0.000845391
2 0.000721256
2 0.00230014
18 0.154262
16 0.0733092
1 0.00632811
1 0.00618279
12 0.060644
2 0.0012049
2 0.00435718
2 0.0032124
2 0.00115216
2 0.00357976
21 0.100483
1 0.00598604
4 0.106662
2 0.00415
2 0.00311417
2 0.00892261
9 0
22 0.071496
22 0.0176574
22 0.00764322
22 0.0481935
22 0.0198415
22 0.0137293
14 0.0207025
22 0.0133062
22 0.0102618
22 0.0178271
5 0.0392413
22 0.0107032
22 0.0294536
22 0.033956
22 0.0444733
22 0.00962752
22 0.014239
22 0.0405444
22 0.0374695
22 0.0164053
5 0.0306739
5 0.030986
22 0.0143709
5 0.0146837
5 0.0184186
5 0.0393729
22 0.0238261
14 0.0377291
22 0.0450546
22 0.0183378
22 0.0136568
22 0.0100312
22 0.0275658
22 0.0394306
14 0.010489
14 0.0237562
22 0.034345
22 0.0331994
22 0.00551142
5 0.0517776
5 0.0459895
22 0.0464641
5 0.0102054
5 0.0244756
5 0.0416342
14 0.0625008
14 0.0675929
5 0.0178591
14 0.0254688
14 0.01695
22 0.00953486
22 0.0101332
14 0.0621359
24 0.0526614
14 0.0091064
14 0.0591867
22 0.0349462
22 0.0751868
22 0.0490528
22 0.0230676
5 0.0351073
5 0.019535
22 0.056148
22 0.0412083
22 0.0134238
22 0.038119
22 0.00415657
5 0.0177314
5 0.00646633
22 0.0434424
5 0.0241614
5 0.0144372
5 0.019013
5 0.0193756
22 0.0512453
5 0.0450895
22 0.0501013
14 0.0337887
14 0.0654955
24 0.0716719
24 0.0742394
14 0.0554282
14 0.0282135
22 0.00642354
22 0.0475469
22 0.0646378
22 0.0380453
14 0.0320054
14 0.0186283
22 0.0669503
14 0.0284504
22 0.0134968
22 0.0216302
14 0.0211523
14 0.0192905
14 0.0517567
22 0.0263696
5 0.0596225
5 0.0384384
5 0.0423118
5 0.00965746
5 0.0511085
5 0.051512
5 0.0657443
5 0.0089464
5 0.0131448
5 0.0309214
5 0.0349786
5 0.0347094
5 0.0600494
5 0.0348156
5 0.0660227
5 0.0640658
5 0.0307144
22 0.0448097
22 0.00836041
22 0.0147608
5 0.0419549
5 0.0108614
5 0.0102324
5 0.00990927
5 0.040777
5 0.00610808
5 0.00376506
5 0.02096
5 0.0259181
5 0.0301584
14 0.023302
14 0.0176686
14 0.0112702
14 0.023464
22 0.0638092
22 0.026421
22 0.0114661
22 0.00839925
5 0.0251377
22 0.0252614
14 0.0156961
22 0.0205574
14 0.0357804
14 0.0897378
22 0.00838811
22 0.0398466
22 0.0353925
22 0.0168497
14 0.0129496
14 0.0135344
14 0.030315
14 0.0237435
14 0.0371082
14 0.0217415
14 0.0494492
22 0.0261767
22 0.0283244
24 0.105607
3 0.139264
24 0.065948
14 0.0781088
24 0.0397518
14 0.0375043
14 0.0340456
14 0.0260162
14 0.0911653
14 0.0454511
22 0.0524482
22 0.0143416
22 0.0437124
22 0.0792858
3 0.141021
24 0.0893303
22 0.0231522
14 0.0600091
3 0.0492506
14 0.0648969
24 0.12103
22 0.0385122
3 0.101288
14 0.0644446
3 0.0780163
22 0.0669624
14 0.0500264
14 0.04558
14 0.0444985
14 0.0398506
14 0.0150761
22 0.0389257
5 0.011331
5 0.013821
5 0.00784545
22 0.0292115
14 0.023482
5 0.0269994
5 0.026144
22 0.0153776
14 0.0485259
5 0.0344825
5 0.0171712
5 0.0464131
22 0.0212774
22 0.018902
22 0.0341147
22 0.0447706
5 0.0372391
22 0.0215227
5 0.0343964
5 0.00587195
5 0.0394589
5 0.0426677
22 0.0721377
14 0.0385902
14 0.0434267
22 0.0364727
22 0.028086
22 0.0432179
22 0.048427
22 0.00536615
22 0.0388751
22 0.0225662
5 0.0188735
22 0.00478209
22 0.0117838
22 0.0109903
5 0.0534358
24 0.0818662
14 0.0852502
14 0.0904206
14 0.0387814
22 0.0153963
22 0.0272543
22 0.0480454
22 0.00684261
22 0.0321187
22 0.00825236
14 0.0692707
14 0.023255
14 0.032179
14 0.0723612
14 0.040524
14 0.0177303
14 0.0294887
14 0.0456718
14 0.0422735
14 0.0348244
22 0.0431183
5 0.00398617
5 0.0121907
22 0.03913
22 0.0569965
22 0.0602116
14 0.0552513
14 0.0683899
14 0.0100598
22 0.0138115
5 0.0535386
22 0.0156982
22 0.0147806
5 0.0106084
22 0.0142214
5 0.015569
5 0.0215515
5 0.0501961
5 0.0137049
5 0.0758942
5 0.0507062
14 0.086439
22 0.0468502
5 0.00676042
22 0.056214
5 0.0311757
24 0.0414877
22 0.0494879
5 0.0114071
5 0.0449409
5 0.0391873
5 0.0105066
22 0.03938
22 0.0245837
5 0.0674927
5 0.0215025
5 0.0146683
5 0.0136297
22 0.0128224
22 0.03712
14 0.0218285
22 0.0121687
22 0.0134492
22 0.03108
22 0.0449942
22 0.0380313
22 0.0177034
22 0.0129776
22 0.010936
22 0.0328485
22 0.0133394
5 0.0386733
22 0.0442927
22 0.0165993
22 0.0435116
22 0.0458717
22 0.0544304
5 0.00499113
22 0.0125642
22 0.0161652
22 0.0628983
5 0.0503686
22 0.0401483
14 0.0330424
14 0.0711254
24 0.134947
24 0.0526477
24 0.0382041
24 0.0434913
24 0.042013
24 0.0865425
22 0.052223
24 0.0218835
24 0.0200576
24 0.0745035
24 0.0485862
14 0.0145847
14 0.0800183
14 0.0216413
14 0.017033
14 0.0454226
3 0.0984682
24 0.0444496
24 0.0522924
24 0.085493
24 0.0370322
24 0.0713388
24 0.0285022
24 0.0491005
24 0.0827453
14 0.0457478
22 0.0152538
22 0.0246724
22 0.0357516
5 0.0344798
5 0.0150692
5 0.0476623
5 0.0391478
5 0.0188021
5 0.0432126
5 0.0173784
5 0.0119268
5 0.0444587
5 0.0579787
5 0.0615631
22 0.00844305
14 0.048401
22 0.0605008
14 0.0872514
14 0.0463296
22 0.0495883
22 0.0128784
22 0.018046
5 0.0274132
5 0.0128635
5 0.0489369
5 0.0274141
5 0.0268079
5 0.0594591
5 0.026294
5 0.0438528
5 0.0438109
5 0.0165871
5 0.0268028
5 0.0256113
22 0.0200255
22 0.00293325
22 0.0499199
14 0.0718972
22 0.0281785
22 0.0163016
22 0.013454
22 0.027334
5 0.0540146
5 0.0463635
14 0.0526297
22 0.0440558
14 0.0363616
14 0.0284011
14 0.0324934
24 0.0929155
3 0.118996
24 0.01069
24 0.0292915
14 0.0377687
3 0.0654858
24 0.1377
24 0.0457116
14 0.0110646
22 0.0183708
5 0.00426787
5 0.00915885
5 0.0276378
5 0.0156425
5 0.00433584
5 0.0108932
22 0.0536222
5 0.026454
5 0.02319
5 0.0329476
5 0.0262848
5 0.00787785
22 0.0168782
22 0.0365447
14 0.0530548
22 0.0192296
22 0.0158381
22 0.036079
22 0.0203926
14 0.0437471
22 0.0329152
22 0.00813463
5 0.0502912
5 0.0211007
5 0.0369948
22 0.0406217
5 0.0341395
14 0.0278958
22 0.0184519
5 0.00984241
5 0.0532814
5 0.0397281
5 0.00862715
5 0.020872
5 0.0132528
5 0.0179739
22 0.0153603
22 0.0374222
22 0.0394025
22 0.0352869
5 0.0415387
5 0.0485555
22 0.0419
5 0.0100575
5 0.0492525
22 0.036771
14 0.0559994
22 0.0449812
22 0.0297902
22 0.0254782
22 0.0630439
22 0.0609368
14 0.0444321
14 0.088559
24 0.0440515
24 0.0317633
5 0.0492618
22 0.0389623
22 0.013749
22 0.0256077
22 0.0371409
5 0.00861879
5 0.0079605
5 0.0129401
5 0.0328233
5 0.0228846
5 0.0189501
5 0.0063076
5 0.05356
5 0.00858136
5 0.0148504
22 0.050126
22 0.0310919
24 0.0952551
3 0.0769642
14 0.0314054
14 0.0235581
24 0.0649017
24 0.0723253
14 0.0205485
14 0.0821913
3 0.140301
14 0.0917479
14 0.0229062
22 0.0543516
14 0.0691447
5 0.0239284
22 0.022224
5 0.00342228
22 0.0287174
22 0.0372677
5 0.0196695
14 0.143895
5 0.00928675
22 0.01326
14 0.0556095
14 0.0207589
14 0.0529505
14 0.0541976
22 0.030207
22 0.0146212
5 0.0369217
22 0.0139482
5 0.0498983
14 0.0700367
22 0.0140632
22 0.0250439
22 0.0540595
5 0.0260839
22 0.0444169
5 0.0133483
22 0.0314717
22 0.0504939
22 0.00753803
22 0.0699473
22 0.0283459
22 0.0156713
22 0.0629365
22 0.047892
14 0.0523237
3 0.0597848
24 0.0835912
14 0.0349352
24 0.0413228
14 0.0856336
24 0.0872075
14 0.0291189
3 0.0878927
24 0.0503984
14 0.0402159
14 0.071454
14 0.0706189
22 0.015947
22 0.0341102
22 0.0406414
5 0.0202948
22 0.0210343
22 0.041681
14 0.13789
5 0.0216235
5 0.00472106
14 0.0269774
22 0.00555516
22 0.0185256
14 0.0688381
22 0.0200485
5 0.0112539
5 0.0105503
5 0.0404129
5 0.0100251
5 0.0656055
5 0.0104114
5 0.0303123
5 0.0206045
5 0.0253433
14 0.195121
5 0.047565
5 0.015585
5 0.0309888
5 0.0264135
5 0.0201808
5 0.0631174
5 0.0042892
5 0.0243257
5 0.00338085
5 0.0120805
24 0.191966
5 0.05303
22 0.0493077
22 0.0386384
14 0.0239435
14 0.018607
22 0.0194468
14 0.0416417
22 0.0644913
14 0.0436202
22 0.0557627
3 0.103713
24 0.0781308
22 0.0443681
22 0.0452041
5 0.0414484
22 0.0409902
22 0.0452316
22 0.0635626
22 0.0101362
22 0.0113436
22 0.0480452
24 0.108343
24 0.14321
22 0.0186259
14 0.0191036
14 0.0367552
14 0.07003
14 0.0163137
14 0.0382259
14 0.0344147
14 0.0652416
14 0.0346476
14 0.0162012
14 0.0394739
14 0.0235218
14 0.0442464
14 0.0405082
14 0.0608599
22 0.0246781
5 0.0286213
5 0.04714
5 0.0700121
22 0.0317829
5 0.0469851
5 0.00926885
5 0.020107
5 0.0538455
5 0.0561288
5 0.0120812
5 0.0381535
5 0.0126857
5 0.00815248
5 0.0691431
5 0.00554095
22 0.0429815
5 0.0309749
22 0.0496118
5 0.0112595
5 0.0255659
5 0.0460886
5 0.0426795
5 0.0520355
22 0.0291972
5 0.0503313
14 0.0268713
22 0.0123912
5 0.0443022
22 0.0442087
22 0.014257
14 0.124733
5 0.0117431
22 0.0528816
22 0.0170484
22 0.0274253
14 0.0232989
22 0.0214028
14 0.0555411
5 0.034285
22 0.0318624
22 0.052203
14 0.111696
22 0.0503301
22 0.0505975
5 0.041373
22 0.051709
22 0.0507902
