2 0
7 0
15 0.00363497
15 0.0060574
10 0.0113335
15 0.00184562
15 0.0115364
10 0.004775
6 6.29161e-06
10 0.0161084
6 6.70167e-06
19 0.0155489
6 3.07111e-06
19 0.0170875
6 7.03809e-06
6 4.01431e-06
8 0
6 5.57944e-06
6 6.09827e-06
6 3.15693e-06
16 0
6 6.02387e-06
6 4.16528e-06
6 3.07111e-06
6 6.30719e-06
12 0.0173718
6 3.07111e-06
6 4.19817e-06
6 5.90151e-06
6 3.07111e-06
6 5.6734e-06
5 0
6 4.5058e-06
6 5.77118e-06
6 5.50472e-06
6 3.07111e-06
6 3.86701e-06
6 5.89017e-06
12 0.0173718
19 0.00153873
6 3.35852e-06
6 7.03809e-06
6 3.07111e-06
6 3.07111e-06
3 0
4 0.00127161
4 0.00246079
4 0.00151697
4 0.00180076
4 0.00183588
4 0.00146048
4 0.00279318
4 0.00149441
4 0.00181288
4 0.00202384
4 0.00172491
4 0.00177387
4 0.00203901
4 0.00226339
4 0.00131452
4 0.00372017
4 0.00154205
4 0.00157788
4 0.00138232
4 0.00177038
4 0.00186058
4 0.00197018
4 0.00193463
4 0.00223467
4 0.000495668
4 0.00169501
4 0.00186411
4 0.00185138
4 0.00125837
4 0.00167071
4 0.00176568
4 0.00176096
4 0.00190193
4 0.00152145
4 0.00113317
4 0.00137946
4 0.00293689
4 0.00140419
13 0
1 0.00782757
1 0.00925926
11 0.00980651
11 0.00572798
17 0.0149942
17 0.00740112
18 0.0099801
1 0.00687324
17 0.0100942
1 0.00779929
1 0.00219652
18 0.00623175
18 0.00404084
11 0.028264
11 0.0250223
18 0.00619028
11 0.0132232
1 0.00982928
18 0.00853752
17 0.0138358
1 0.00647947
1 0.00613701
17 0.0109871
17 0.00914618
18 0.00395215
1 0.0121852
1 0.00875214
17 0.00626438
1 0.00868601
11 0.0106214
11 0.00737927
18 0.00672398
1 0.00291377
18 0.0044926
1 0.0069425
17 0.0114523
11 0.00608382
1 0.00833576
18 0.00588063
1 0.00581977
18 0.00519887
18 0.0049099
18 0.00928258
11 0.0126084
18 0.0104296
17 0.00738174
1 0.00676218
18 0.00641798
1 0.00343448
18 0.00991106
18 0.00405352
1 0.00651647
1 0.00609988
18 0.0044481
1 0.00392003
1 0.00332714
1 0.00695994
18 0.00792009
1 0.0073524
1 0.00483694
17 0.00269624
18 0.00484789
18 0.0101928
1 0.00882375
11 0.00652708
1 0.00676186
1 0.008022
18 0.00761607
18 0.00767686
18 0.00871805
1 0.00546741
11 0.00443155
1 0.00955122
1 0.0172786
1 0.0124885
1 0.00815261
18 0.00734799
18 0.00728884
17 0.00983171
1 0.00649702
1 0.0058417
1 0.0088016
18 0.00887014
1 0.00606865
11 0.0117409
18 0.00650998
18 0.00762011
11 0.0107247
1 0.00490634
18 0.00376047
1 0.00460774
1 0.00741763
17 0.00586678
1 0.0020512
18 0.00557021
1 0.0115497
11 0.00580143
18 0.00658979
1 0.00280841
11 0.00662612
18 0.00423083
1 0.00649672
18 0.00855516
17 0.010198
18 0.00790091
11 0.00705129
18 0.00663577
1 0.00527251
18 0.0110558
11 0.00373177
1 0.00560733
1 0.00413933
1 0.00998596
1 0.0046283
1 0.0051404
1 0.0101971
17 0.00743357
18 0.00555902
18 0.0080571
11 0.0039968
11 0.00535164
11 0.00300364
1 0.0106139
18 0.00714498
1 0.00607578
18 0.00382529
18 0.00994064
18 0.00908629
1 0.00963887
1 0.0054981
11 0.00744003
17 0.0158107
11 0.0115335
18 0.00738263
1 0.00533511
18 0.00590373
1 0.0107133
1 0.0162281
1 0.0105976
1 0.00502977
11 0.0044862
18 0.00177354
1 0.00224347
18 0.00384538
1 0.00580424
1 0.00463502
18 0.00639192
11 0.00823102
18 0.00477175
17 0.00866606
1 0.00600604
1 0.00725213
1 0.00503038
18 0.00623931
18 0.00518335
11 0.0105466
1 0.00502321
11 0.00648237
17 0.00987344
18 0.00628043
18 0.00658666
11 0.00861386
11 0.00784717
11 0.0149025
18 0.00429807
1 0.00365222
1 0.00537536
1 0.00643138
1 0.00458778
1 0.00720096
18 0.00418847
18 0.00499372
1 0.00180009
1 0.00577604
1 0.0062429
1 0.0103236
17 0.00969306
17 0.0102031
18 0.00487339
1 0.00496189
11 0.00878076
1 0.00748718
18 0.00775721
18 0.00623274
17 0.00894029
11 0.00406067
1 0.0060561
1 0.00730966
18 0.00752005
11 0.00665798
1 0.0144659
1 0.00863933
18 0.0075869
11 0.00372833
18 0.00711552
11 0.00540436
1 0.00881776
18 0.00549756
18 0.00683787
18 0.00426334
18 0.00981316
1 0.00452248
18 0.00258445
11 0.00777503
11 0.00487352
18 0.00527026
1 0.0161316
1 0.0102398
18 0.00954067
1 0.00451609
1 0.00604026
1 0.00826157
18 0.00467407
18 0.00770815
18 0.00886173
18 0.00372237
1 0.0111428
18 0.00474476
11 0.0104758
18 0.00680244
18 0.00486478
11 0.00620563
18 0.0056453
17 0.00888269
1 0.00780895
1 0.00323217
18 0.00877284
11 0.00387478
17 0.00509189
18 0.00645683
1 0.00216361
1 0.00600813
17 0.00898842
1 0.00457143
1 0.00802597
17 0.00570835
1 0.0081401
1 0.00378375
1 0.00508229
1 0.00465023
1 0.00771956
18 0.00737821
17 0.00815861
17 0.033389
18 0.00749339
1 0.00648595
1 0.00669212
18 0.00500762
18 0.00506295
1 0.00596397
18 0.00401059
18 0.00627677
18 0.00664062
1 0.00610291
18 0.00342648
17 0.00724028
1 0.00456899
1 0.00755566
18 0.00807334
1 0.00686022
18 0.00443894
1 0.00658101
1 0.00765045
1 0.0097399
18 0.00915793
1 0.00540297
17 0.0196971
17 0.030364
1 0.0230025
1 0.00658723
1 0.0110164
1 0.00807926
1 0.00706543
1 0.0040769
1 0.00986181
1 0.00776191
1 0.0119093
11 0.00636179
18 0.00647868
11 0.00353013
18 0.00451818
18 0.00983753
18 0.00490432
1 0.0072181
11 0.00570757
18 0.00741139
11 0.00945061
18 0.00528484
1 0.00756674
11 0.00711775
11 0.00785501
1 0.00788802
1 0.00514184
11 0.00299153
1 0.00923652
11 0.00893674
1 0.00361875
1 0.0100538
11 0.00654711
1 0.0105503
17 0.01031
1 0.0111646
1 0.00645547
1 0.011796
1 0.00963214
1 0.0105893
1 0.00823606
18 0.00296202
18 0.00695739
11 0.00612025
1 0.00497153
1 0.00497596
1 0.00546816
1 0.00700607
17 0.0076104
1 0.00566061
18 0.00477638
11 0.0198564
18 0.00750273
11 0.00180107
17 0.0127542
17 0.00981716
11 0.00794554
1 0.00588925
17 0.00650528
1 0.0117792
1 0.0058016
1 0.00511614
1 0.00619353
11 0.00887461
17 0.0178655
11 0.00542549
17 0.00644583
18 0.0128965
1 0.00791299
18 0.00657814
1 0.00492432
11 0.00839923
1 0.00280703
18 0.00645816
17 0.010537
11 0.0125232
18 0.00552376
1 0.00757212
18 0.00654866
11 0.00502234
11 0.0136754
17 0.0060414
11 0.00794666
18 0.00351747
1 0.00258049
18 0.00587815
18 0.00958258
18 0.00462775
1 0.0052881
11 0.00709259
11 0.00682736
18 0.006489
11 0.00642819
1 0.00488488
1 0.00445462
11 0.013267
18 0.00299065
18 0.00697568
1 0.00299209
1 0.0110836
17 0.00539171
1 0.00613878
17 0.00770005
18 0.00580232
18 0.00826296
18 0.00465493
1 0.00776835
1 0.00752664
1 0.00569372
1 0.0166318
11 0.0108227
11 0.00370308
1 0.00548348
1 0.00875032
17 0.021664
17 0.00569727
18 0.00531199
1 0.00888986
18 0.0078647
11 0.00301496
1 0.00838346
1 0.00629044
17 0.00482418
1 0.0195086
1 0.0214996
18 0.00703041
18 0.00305774
11 0.00340036
18 0.00451755
18 0.00584389
18 0.00588788
18 0.00820499
17 0.00521631
17 0.00264566
1 0.0106134
18 0.00507402
1 0.00219607
18 0.00438846
11 0.00488359
18 0.0058895
17 0.00475594
18 0.0057219
1 0.00811073
17 0.00188193
1 0.00452029
1 0.00536187
18 0.00972743
18 0.0104215
18 0.00750931
18 0.00676167
11 0.0019816
18 0.00422598
1 0.00759334
18 0.00490472
17 0.00881701
11 0.00717961
1 0.00523373
18 0.0088035
18 0.00699178
18 0.00593799
18 0.00228948
18 0.00820981
18 0.00253483
18 0.00739399
1 0.006294
1 0.0086451
18 0.010133
1 0.00706185
1 0.00900159
18 0.00839123
1 0.00463393
17 0.00928141
18 0.00511428
18 0.00587584
11 0.00324025
18 0.00551407
18 0.00217518
18 0.0070312
1 0.00878242
1 0.00709871
18 0.00751811
1 0.00780956
18 0.0100222
18 0.00714299
1 0.00775998
17 0.0136586
1 0.00306318
1 0.00564871
1 0.00759958
17 0.00599078
1 0.00796467
11 0.00822714
11 0.00392113
18 0.00691167
18 0.00421608
1 0.00532937
1 0.00522139
1 0.00540485
11 0.00762335
18 0.00542879
18 0.00592893
11 0.0032091
11 0.0039453
11 0.00586031
18 0.00826236
1 0.00459335
18 0.00377286
18 0.00471262
18 0.00959343
18 0.00644967
17 0.00595717
1 0.0222452
1 0.00967148
18 0.00968998
18 0.00570288
18 0.00456468
1 0.0047199
11 0.00861259
18 0.00456782
17 0.00737192
1 0.0107062
18 0.0026754
1 0.00901582
11 0.00980326
11 0.00807629
1 0.00396461
17 0.00609821
17 0.0198568
1 0.0169906
1 0.0100992
1 0.00156076
18 0.00581315
18 0.00517685
18 0.00326285
1 0.00831419
18 0.00475537
1 0.00207126
18 0.00521369
11 0.00462801
1 0.00480543
11 0.00627496
1 0.00422688
11 0.00832377
11 0.00465989
18 0.00184467
1 0.00583109
18 0.0098597
11 0.00779905
1 0.0073042
11 0.00239454
1 0.00836152
18 0.0083911
18 0.00917778
11 0.0115024
11 0.0102257
1 0.0057652
1 0.00216359
1 0.00538129
17 0.00420896
1 0.00745461
1 0.00613089
11 0.00743683
18 0.00598821
1 0.00680988
11 0.00279601
18 0.0130631
11 0.0133858
1 0.007034
1 0.00941706
18 0.00340782
1 0.00652677
1 0.0062318
18 0.00658265
18 0.00585113
18 0.00795693
18 0.00648502
18 0.00596883
11 0.00840364
1 0.00533257
18 0.00428929
18 0.00735189
11 0.00519971
1 0.0034151
17 0.0208726
17 0.00947885
11 0.00866261
1 0.00741858
1 0.00782839
1 0.00562904
18 0.00357388
17 0.00783577
1 0.00804267
1 0.00307611
1 0.00978457
17 0.0102103
1 0.00349942
18 0.00337661
11 0.00461901
1 0.00665478
1 0.00831051
11 0.006012
1 0.00704077
1 0.00787211
18 0.00862742
1 0.00971322
1 0.00822299
17 0.0178109
18 0.00353129
11 0.00613502
11 0.00202263
17 0.00800042
18 0.00590779
11 0.00539342
18 0.00604028
1 0.00695164
11 0.00821347
11 0.00526446
18 0.00608506
1 0.006625
18 0.00731851
17 0.00559064
1 0.00579076
1 0.00709136
18 0.00951794
18 0.00570972
11 0.00807344
18 0.00525822
1 0.00492883
18 0.00785206
11 0.0051078
18 0.00773929
11 0.00712439
18 0.0106673
18 0.00598788
11 0.00479816
1 0.00695389
18 0.00735462
11 0.023571
18 0.00696505
18 0.0095878
17 0.0111258
18 0.00781684
1 0.00517494
18 0.00332519
11 0.00655568
18 0.00603262
11 0.00896461
11 0.00478407
18 0.003893
18 0.00448467
11 0.0038122
1 0.00350636
11 0.00597978
11 0.00355
1 0.00969126
18 0.00485531
1 0.00655393
1 0.00703134
1 0.0134378
18 0.00870019
18 0.00412746
18 0.00473106
17 0.0048183
11 0.0061559
11 0.00562608
18 0.00354411
18 0.00333781
17 0.00970875
18 0.00435166
17 0.00963738
18 0.00492658
18 0.0047653
18 0.00642873
17 0.00709853
11 0.00700641
18 0.00259114
17 0.00444618
11 0.005794
17 0.00675491
17 0.0107979
1 0.00618287
1 0.00856991
1 0.00558966
18 0.00409223
11 0.00801292
1 0.00796125
1 0.00696328
11 0.00647207
18 0.006928
17 0.00763419
11 0.00781071
1 0.00641697
17 0.013357
1 0.00515543
18 0.00836944
1 0.0109638
1 0.00744737
1 0.00587319
1 0.00730837
1 0.0080807
18 0.00527421
18 0.00290645
18 0.00447831
1 0.00555822
1 0.00663656
1 0.00555581
18 0.0052268
18 0.00599974
1 0.0084506
17 0.0103136
11 0.00491602
1 0.00748458
1 0.011603
18 0.00916955
11 0.0122072
11 0.00941755
18 0.00363555
18 0.0100361
18 0.00768131
11 0.00529689
18 0.00974168
18 0.0120794
11 0.0170444
11 0.0312825
17 0.0155589
18 0.00612633
17 0.0101678
17 0.00463194
1 0.0145256
17 0.0184719
11 0.00746497
1 0.00593955
18 0.0103048
17 0.00412062
18 0.00307788
18 0.00754589
17 0.00435718
17 0.00696008
18 0.00646366
1 0.00655946
1 0.004528
1 0.00642376
11 0.00449406
18 0.00517845
11 0.00738518
17 0.00904325
18 0.00510637
18 0.00659289
1 0.00888102
18 0.00642449
17 0.0051223
17 0.0311214
1 0.0052541
18 0.00637224
11 0.00371443
20 0.0105316
1 0.00864359
1 0.00469315
17 0.00897745
17 0.00566632
1 0.00475671
1 0.00464813
1 0.00801771
17 0.0247049
18 0.00606915
18 0.00816137
1 0.00682394
1 0.007811
17 0.00658716
11 0.00708763
18 0.00474569
1 0.0069979
1 0.00325287
17 0.00763182
18 0.00701707
1 0.00809719
18 0.00760711
18 0.00678767
18 0.00443674
18 0.00427991
18 0.0066642
11 0.00839732
17 0.00694344
18 0.0103178
18 0.00826759
18 0.00276678
1 0.00675968
17 0.00478851
11 0.00735732
11 0.00659875
1 0.00608776
1 0.00987855
11 0.00606259
1 0.00936653
1 0.00812634
1 0.00548359
17 0.0131186
18 0.00498135
1 0.00919438
18 0.00752613
1 0.00564507
11 0.00555365
1 0.0119502
18 0.00792496
1 0.00577149
18 0.00467125
1 0.014067
18 0.0138111
1 0.00613896
18 0.0090886
11 0.00789842
1 0.00428765
17 0.0115385
18 0.0145913
18 0.00903929
1 0.00910921
17 0.00732075
18 0.00756939
17 0.010357
18 0.00396335
17 0.00310001
17 0.0319135
17 0.00685951
18 0.00953995
18 0.0111585
18 0.00539938
11 0.00523796
18 0.00667863
11 0.00363515
18 0.00629907
17 0.00944244
17 0.0167151
17 0.00530869
1 0.00635995
1 0.0128581
1 0.00762794
17 0.00968731
17 0.00560487
1 0.00863236
18 0.00907055
18 0.00539163
18 0.00413366
18 0.00317888
17 0.00345985
17 0.00735587
1 0.00612768
1 0.00769388
18 0.00714574
1 0.00830726
1 0.0057417
1 0.00503936
1 0.00662785
18 0.00615508
1 0.00549401
18 0.00611464
1 0.00307153
1 0.00842911
18 0.0106657
18 0.00734074
18 0.00670802
11 0.00668498
18 0.00422574
18 0.00271271
18 0.00590085
1 0.00612893
1 0.0108485
18 0.00707746
11 0.00750804
18 0.0046663
18 0.0044427
18 0.00450243
18 0.00179992
1 0.00667362
18 0.00648715
11 0.00563391
18 0.00712949
11 0.00819956
18 0.00863089
1 0.00848241
18 0.00411039
1 0.0052688
18 0.00774775
1 0.0126298
1 0.0157763
1 0.0115695
1 0.0118366
1 0.00535266
1 0.0083779
1 0.00833166
1 0.00778534
1 0.00641921
1 0.00980989
1 0.00846575
1 0.0127361
18 0.0134747
1 0.0134326
18 0.00742005
1 0.00809716
18 0.0113022
1 0.00841344
18 0.00849839
18 0.00785792
11 0.00621733
11 0.00612403
11 0.00801517
11 0.0137197
1 0.00405038
18 0.00777506
1 0.00331595
18 0.00756011
1 0.0040001
1 0.00574857
11 0.00645906
1 0.00574042
1 0.00750773
1 0.0091254
11 0.00416881
1 0.00523733
1 0.00382013
1 0.00954955
17 0.0168063
1 0.00617778
1 0.0121848
17 0.00322352
18 0.00685328
1 0.00720874
18 0.00517479
1 0.00704322
1 0.00493376
18 0.00545437
1 0.00371943
18 0.00726362
18 0.0040558
18 0.00431737
1 0.00605034
1 0.0042674
11 0.00807495
18 0.00703392
11 0.00462121
11 0.0130231
18 0.0111452
17 0.00814256
20 0.0154713
1 0.00333558
1 0.00874097
18 0.0058939
1 0.00771225
18 0.00219998
18 0.00715936
17 0.0032197
18 0.00467251
18 0.00608115
1 0.00557169
18 0.00361591
18 0.00809403
11 0.00841715
11 0.00857971
11 0.00988287
11 0.00322786
18 0.0038519
11 0.00667117
1 0.00830402
1 0.00570274
1 0.0101255
1 0.00458994
18 0.00471108
1 0.00705219
1 0.00561578
18 0.00558639
18 0.0068244
11 0.0111201
11 0.00752427
11 0.00546306
1 0.00536752
18 0.00681235
11 0.00443988
11 0.0106524
11 0.0082868
18 0.0036337
11 0.00623062
18 0.0087098
17 0.012038
1 0.00604969
1 0.00909666
1 0.00704742
1 0.00541748
18 0.00978534
18 0.00405629
1 0.00258715
18 0.0095395
18 0.00877598
1 0.00712636
11 0.00803437
18 0.00998959
18 0.0018022
11 0.00357852
18 0.00661988
1 0.00809588
1 0.00450616
18 0.00449706
11 0.00366479
17 0.0103687
1 0.00887196
1 0.00858705
18 0.00589589
1 0.0106402
1 0.00497342
1 0.00440597
18 0.00350318
1 0.00705457
17 0.0188203
18 0.00865483
18 0.00380138
18 0.00603027
18 0.00908402
18 0.00600871
11 0.00419708
11 0.0091125
18 0.00498067
1 0.0100724
1 0.00769562
17 0.00982151
1 0.0123111
18 0.00296893
18 0.00622085
18 0.00997673
18 0.00673987
18 0.00559771
11 0.00449422
18 0.00536839
17 0.00744891
18 0.00982901
18 0.0100148
1 0.00330073
1 0.0101154
18 0.00931408
18 0.00285072
1 0.00284904
18 0.00747043
11 0.0065331
1 0.00579332
1 0.00438802
18 0.00759431
18 0.00601932
1 0.00847322
11 0.00773203
11 0.00723291
18 0.00633516
18 0.00819429
11 0.00741206
18 0.00262329
11 0.00717524
1 0.00689061
17 0.00874717
11 0.00651967
11 0.00693883
18 0.00824421
18 0.00596227
18 0.00117268
18 0.00562418
1 0.00267053
1 0.00820381
1 0.0165388
1 0.0107401
18 0.00715417
1 0.00678248
18 0.0082129
1 0.00867033
1 0.0120672
1 0.00875749
11 0.00695737
11 0.0161395
1 0.00984302
18 0.00641658
17 0.00607423
11 0.0115051
18 0.00730523
1 0.00631437
1 0.00710856
1 0.00201986
1 0.0112426
18 0.00638174
11 0.00566307
11 0.00853912
18 0.00421899
11 0.00470799
1 0.00587123
18 0.00826277
18 0.00289405
18 0.00449003
18 0.00600558
1 0.00591841
1 0.00487732
1 0.00732476
1 0.00940808
18 0.00746395
18 0.00290863
18 0.00715219
18 0.00895409
18 0.00766308
1 0.00545913
1 0.00769051
18 0.0111745
1 0.00582397
18 0.00507304
18 0.00451828
1 0.00503479
18 0.00799468
18 0.00623608
18 0.00233052
11 0.019244
11 0.00302688
11 0.00763532
1 0.0115196
17 0.00695394
1 0.0117879
1 0.00863063
1 0.0090257
11 0.00820283
1 0.00798162
18 0.00555753
17 0.00775372
11 0.00991781
11 0.0050449
18 0.00504445
1 0.00770319
18 0.00777446
1 0.00451914
1 0.00570821
1 0.00569405
18 0.00835599
1 0.00403076
1 0.00212256
1 0.0123445
1 0.00509302
18 0.00980219
18 0.00493019
18 0.00701563
1 0.00735191
18 0.00305053
1 0.00525787
18 0.00383961
18 0.00769238
18 0.00277871
11 0.00798562
1 0.00608783
11 0.00572051
18 0.00507928
1 0.0043565
11 0.00838263
18 0.00450227
18 0.00298644
18 0.00850997
11 0.00442308
18 0.00611402
18 0.00681789
18 0.00465568
1 0.00449823
1 0.00662846
1 0.00951999
11 0.00442338
1 0.0072426
18 0.0110617
18 0.00888457
18 0.00523076
1 0.00200408
18 0.00399502
1 0.00470966
18 0.00550392
18 0.00455207
18 0.00530486
1 0.00501437
1 0.00461814
18 0.00734929
18 0.00430824
1 0.00360894
1 0.00329802
1 0.00592402
17 0.0104981
11 0.00869595
1 0.00636457
17 0.0134949
1 0.00669686
18 0.00449808
18 0.00521754
18 0.00630113
1 0.00755327
18 0.007241
1 0.00498621
20 0.00728418
1 0.00490265
1 0.00525326
18 0.00571311
11 0.00664324
1 0.00203532
1 0.00837662
11 0.0103403
17 0.00383229
11 0.0102323
18 0.0054473
18 0.00536431
11 0.00642818
1 0.00541966
11 0.014451
18 0.00425278
11 0.00603463
18 0.00186591
18 0.006482
18 0.00333707
17 0.00350859
17 0.0185956
17 0.0161336
18 0.00270783
1 0.00295288
18 0.00555694
11 0.0123632
18 0.00552082
11 0.00889062
18 0.010303
18 0.00802524
11 0.00571006
11 0.00883494
18 0.00387469
11 0.00917132
18 0.00850939
1 0.00617283
1 0.00413861
18 0.00464062
11 0.00731564
18 0.00343423
1 0.00751494
18 0.00505098
18 0.00298425
18 0.0047995
11 0.00306429
1 0.00574016
1 0.00806849
18 0.00586717
18 0.00649908
1 0.0105267
11 0.00316841
11 0.00242095
18 0.00804995
18 0.00650087
18 0.00501838
18 0.00650426
18 0.00418617
11 0.00627555
11 0.00978491
1 0.0110386
11 0.00709448
1 0.0069149
18 0.00386307
18 0.00621821
11 0.00571993
11 0.0200249
18 0.008089
18 0.00285224
1 0.00297792
1 0.00780072
18 0.0101986
1 0.00533405
11 0.00446964
11 0.00414239
11 0.00625789
18 0.0048562
1 0.00849797
1 0.00351904
18 0.00956066
1 0.00951496
18 0.0112026
1 0.00920048
17 0.0202217
1 0.0110831
17 0.0154853
17 0.0145636
1 0.00585086
11 0.00822704
11 0.00485184
18 0.00833692
18 0.00920089
11 0.00569573
11 0.00672426
11 0.00299317
11 0.00897171
11 0.00741786
11 0.00471497
18 0.00656886
1 0.0063681
17 0.00906312
18 0.00457059
1 0.00486769
18 0.0095559
1 0.0075434
1 0.00983317
1 0.016124
18 0.0100176
18 0.00711556
18 0.00853994
18 0.00811019
11 0.00460178
18 0.00468894
11 0.00916192
18 0.00702409
11 0.00326384
11 0.0113972
1 0.0116331
18 0.00924848
1 0.0056677
1 0.00658891
18 0.00759947
18 0.00687851
18 0.00835617
18 0.00685474
11 0.00442463
1 0.00349924
1 0.00963623
17 0.0118927
1 0.0118625
17 0.00741521
11 0.00875311
18 0.00597011
11 0.00684195
11 0.011151
18 0.00513422
18 0.00782044
1 0.00897265
1 0.00895392
18 0.00646755
18 0.00727768
1 0.00515535
18 0.00806382
18 0.00570196
11 0.00733606
18 0.00775506
18 0.00832427
1 0.00800992
1 0.00535594
18 0.00925489
18 0.00538805
18 0.00232569
18 0.00612523
18 0.00611803
1 0.0102634
1 0.00782392
11 0.00463757
18 0.00525125
11 0.00754588
18 0.0052288
17 0.00511893
1 0.00394194
18 0.00222971
17 0.00940759
11 0.00391951
18 0.00337042
18 0.00399437
18 0.00779541
1 0.00827988
1 0.00667469
18 0.00371918
1 0.00715677
1 0.00957702
1 0.00770997
1 0.00906953
11 0.00543972
11 0.00560258
1 0.00473904
17 0.00958527
1 0.0191419
1 0.00256743
17 0.00901112
18 0.00755388
18 0.00542466
1 0.0053055
1 0.00612255
1 0.00915001
18 0.00617986
1 0.00763427
1 0.00405702
11 0.00497095
1 0.00477545
18 0.00869531
1 0.00616052
18 0.00496781
11 0.0101193
11 0.00821804
18 0.00527477
18 0.00370845
1 0.00685841
11 0.0191942
1 0.00850509
11 0.00720277
1 0.00512195
11 0.0103672
18 0.00643186
18 0.0112848
11 0.00755363
1 0.00316981
18 0.00668827
1 0.00741234
18 0.00641115
18 0.00414094
17 0.0087924
1 0.0037955
11 0.00945352
11 0.00495561
18 0.00691305
1 0.00692613
11 0.0057774
18 0.0067915
18 0.00621469
1 0.00799142
18 0.00461125
17 0.0145014
11 0.00308112
11 0.00526403
18 0.00760784
18 0.00574932
17 0.00540535
1 0.00939935
18 0.0126137
1 0.00780558
18 0.00786209
1 0.0061247
11 0.0103519
1 0.00568734
1 0.00368937
1 0.00606407
11 0.0195802
18 0.00691686
1 0.00972624
18 0.00655837
18 0.00512832
17 0.00867611
1 0.00646286
17 0.00872927
17 0.00873822
18 0.00951397
1 0.00889981
18 0.00519718
1 0.00689628
1 0.0074335
1 0.00827863
1 0.00563669
18 0.00811576
1 0.00992481
1 0.00631607
17 0.00837424
1 0.00325981
1 0.00602628
1 0.00880655
17 0.0042366
1 0.0147275
1 0.00645293
1 0.00579026
1 0.00407687
18 0.00672843
17 0.00841617
17 0.0130601
18 0.00378929
1 0.0136775
1 0.00659648
1 0.00445046
1 0.00345726
1 0.0083927
17 0.0101274
18 0.00399922
11 0.00579955
1 0.00686637
1 0.00458954
1 0.00900213
1 0.0100283
17 0.00984501
1 0.007892
11 0.00569231
11 0.00831391
18 0.00662472
17 0.0100563
18 0.0063364
17 0.00404057
11 0.0239395
1 0.0120237
18 0.0076828
1 0.00546444
18 0.00678141
17 0.0135672
18 0.005394
1 0.00643279
1 0.00217244
1 0.00637916
1 0.00512318
18 0.00635914
11 0.00702963
1 0.00423004
18 0.00441544
17 0.0121608
11 0.0110274
20 0.0188565
1 0.00379461
18 0.00501708
1 0.00497196
18 0.00649618
17 0.00717472
18 0.00510611
18 0.0054394
1 0.00696993
17 0.0135652
18 0.00788928
11 0.00611921
18 0.00955758
1 0.00868427
17 0.00403601
17 0.0101073
18 0.00627191
18 0.0120527
1 0.0093645
9 0
14 0.0209092
14 0.0394714
14 0.0157334
14 0.0250463
14 0.0147539
14 0.0183084
14 0.0156432
