25 0.16246
25 0.107434
11 0.112504
25 0.153729
25 0.100383
11 0.127803
11 0.182799
17 0.239188
17 0.251663
17 0.252132
17 0.209351
17 0.00993676
17 0.0164811
17 0.00925351
17 0.00929827
17 0.0120461
17 0.00977011
17 0.0116028
17 0.0117147
17 0.0116731
17 0.0097343
17 0.0166008
17 0.00955628
17 0.010287
17 0.0113661
17 0.0110771
17 0.0115887
17 0.00966821
17 0.0107266
17 0.0150532
17 0.010782
17 0.0117634
17 0.0119599
17 0.00948068
17 0.00937199
17 0.0108039
17 0.0106291
17 0.0105196
17 0.0102173
17 0.0109733
17 0.0105427
17 0.00946127
17 0.0100713
17 0.0104376
17 0.0100957
17 0.0148234
17 0.0109152
17 0.0103542
17 0.0106855
17 0.00870852
17 0.0104626
17 0.01094
17 0.01158
17 0.018713
17 0.0100148
17 0.0100893
17 0.00982232
17 0.0101182
17 0.00880579
17 0.00934454
17 0.00871208
17 0.0100523
17 0.00904005
17 0.0189444
17 0.0109335
17 0.00973913
17 0.0101355
17 0.00980177
17 0.00984356
17 0.0121593
17 0.0110269
17 0.00922014
17 0.0091026
17 0.00842428
17 0.00764781
17 0.0107522
17 0.0117795
17 0.00701813
17 0.00846832
17 0.00676653
17 0.0231359
17 0.00799073
17 0.0107265
17 0.00640955
17 0.00841111
17 0.00739809
17 0.00631015
17 0.00712295
17 0.00711781
17 0.00653668
17 0.00698516
17 0.00696853
17 0.00706856
17 0.00437374
17 0.0153786
17 0.00581214
17 0.00649315
17 0.00812658
17 0.0198228
17 0.00586377
17 0.0425822
17 0.00613246
17 0.00685306
17 0.00769981
17 0.00912786
17 0.00713112
17 0.00616141
17 0.00677305
17 0.0141813
17 0.0222812
17 0.00791214
17 0.00611427
17 0.00690748
17 0.00653645
17 0.00802239
17 0.00931362
17 0.00890838
17 0.00793836
17 0.00569379
17 0.00815064
17 0.00817471
17 0.00737204
17 0.00813556
17 0.0199122
17 0.0081337
17 0.00652554
17 0.00920597
17 0.00938497
17 0.00895495
17 0.00697778
17 0.00854776
17 0.00899273
17 0.00891575
17 0.00825399
17 0.00590732
17 0.0130995
17 0.00806498
17 0.00592644
17 0.00686786
17 0.0108271
17 0.00606523
17 0.00837982
17 0.00654482
17 0.00641264
17 0.00991748
17 0.00598549
17 0.00879279
17 0.00877011
17 0.0180882
17 0.00683715
17 0.0116166
17 0.0109111
17 0.0108902
17 0.010784
17 0.0116663
17 0.00821636
17 0.00784144
17 0.00969286
17 0.00970787
17 0.0100311
17 0.0112168
17 0.00903129
17 0.0103305
17 0.0100041
17 0.0102301
17 0.00857325
17 0.00625124
17 0.0107638
17 0.00625666
17 0.00907187
17 0.00723832
17 0.00626755
17 0.00862856
17 0.00653461
17 0.00818912
17 0.00560704
17 0.0113927
17 0.00926156
17 0.00694153
17 0.0150625
17 0.00944666
17 0.0202167
17 0.00658872
17 0.00962135
17 0.00947734
17 0.00992204
17 0.0068465
17 0.0111646
17 0.0109953
17 0.00656912
17 0.00633371
17 0.0066421
17 0.00608072
17 0.0104409
17 0.0084953
17 0.0062944
17 0.0748919
17 0.0266636
17 0.00765437
17 0.0131914
17 0.00655697
17 0.00810164
17 0.00659172
17 0.0150308
17 0.0149672
17 0.00681546
17 0.00612172
17 0.0074453
17 0.00588389
17 0.00583779
17 0.00806223
17 0.00654235
17 0.0176967
17 0.0130043
17 0.00685213
17 0.00686177
17 0.016228
17 0.00616944
17 0.00715245
17 0.00751371
17 0.0105192
17 0.00955944
17 0.00933323
17 0.00975121
17 0.0101506
17 0.0101234
17 0.00622503
17 0.00699949
17 0.0179912
17 0.00834811
17 0.0105194
17 0.0103733
17 0.00994028
17 0.00842178
17 0.00738538
17 0.010319
17 0.0103046
17 0.0104442
17 0.00916022
17 0.0104882
17 0.0109669
17 0.00907639
17 0.00975922
17 0.00971196
17 0.0107735
17 0.0063153
17 0.00985731
17 0.0102466
17 0.00800884
17 0.00649455
17 0.0117388
17 0.0169514
17 0.00694274
3 0
14 0.121215
22 0.162927
22 0.162924
22 0.161767
9 0.0806074
9 0.116904
22 0.292172
9 0.207847
15 0.0827812
15 0.035552
15 0.0353051
15 0.0994871
15 0.0415297
15 0.0404691
15 0.0432504
15 0.15712
15 0.0848721
15 0.0790929
15 0.0573224
9 0.288162
15 0.233842
15 0.0398786
15 0.0285984
15 0.0327256
15 0.0383272
22 0.1897
9 0.21037
15 0.0428375
15 0.0281297
15 0.103222
15 0.177318
15 0.0521943
15 0.0184631
15 0.0549197
15 0.0709999
15 0.0685854
15 0.0349293
15 0.0455546
15 0.0226083
15 0.0147274
15 0.0169697
15 0.0222752
15 0.128461
15 0.109268
15 0.0214657
15 0.0343889
15 0.0198291
15 0.0200369
15 0.0198947
15 0.0921591
15 0.153474
15 0.0322413
15 0.0269431
15 0.0207264
15 0.040059
15 0.0121502
15 0.0229547
15 0.0160081
15 0.0669207
15 0.0634494
15 0.0262662
15 0.027823
15 0.020761
15 0.0194569
15 0.0133216
15 0.0276127
21 0.173384
21 0.173159
21 0.173342
15 0.171682
7 0.176497
9 0.197605
15 0.0816934
15 0.0263087
15 0.0266965
15 0.0312584
15 0.0556738
15 0.0278752
15 0.0442524
15 0.021942
15 0.0482702
15 0.034444
15 0.0480896
15 0.0254578
15 0.032599
15 0.110498
15 0.131923
15 0.0523854
15 0.0463373
15 0.0454149
15 0.0370314
15 0.0253097
15 0.025983
15 0.0302577
15 0.0446201
15 0.0501845
15 0.142173
15 0.0634805
15 0.0407172
15 0.0277328
15 0.0460093
15 0.073489
15 0.0282685
15 0.039056
15 0.0266241
15 0.0376526
15 0.0412549
15 0.0503907
15 0.0709821
15 0.0313453
15 0.0482594
15 0.0401396
15 0.018652
15 0.0338403
15 0.0562313
15 0.0290781
15 0.0494783
15 0.0435767
15 0.0481632
15 0.0369429
15 0.0362072
15 0.0488413
7 0.0890684
9 0.115988
15 0.101458
15 0.0450653
15 0.0245014
15 0.0517635
15 0.059959
15 0.0279981
15 0.0235966
15 0.0196673
15 0.0360967
15 0.0304921
7 0.143651
9 0.156621
15 0.15051
15 0.0427323
15 0.0210779
15 0.0502846
15 0.0310967
4 0.164695
15 0.311701
15 0.0311611
15 0.0229925
15 0.021145
15 0.0529028
21 0.196364
15 0.174013
15 0.0549059
15 0.0304211
15 0.0288709
15 0.0346471
15 0.037039
15 0.0287351
15 0.0266712
15 0.0300685
15 0.146461
15 0.0928178
15 0.0352961
15 0.0289128
15 0.0470975
15 0.0457188
15 0.074838
15 0.0407159
15 0.0441539
15 0.0488636
15 0.0306129
15 0.0613552
15 0.0885571
15 0.0380439
15 0.0317459
15 0.0169892
15 0.0327828
15 0.0380513
15 0.0353532
15 0.0421731
15 0.0437686
15 0.049257
15 0.0222785
15 0.0413386
15 0.0279047
15 0.0412812
15 0.0419845
15 0.0306176
15 0.0507461
2 0.0520806
12 0
6 0
4 0.238294
21 0.155505
7 0.161643
7 0.161643
4 0.132269
22 0.290188
22 0.173314
7 0.131877
21 0.0526964
20 0.0481054
20 0.0226867
21 0.0618105
20 0.0571879
21 0.0756537
21 0.0939677
21 0.0562338
21 0.0424995
21 0.060288
21 0.047227
21 0.117749
21 0.130225
20 0.0234455
20 0.0296981
20 0.0521055
20 0.0339024
20 0.0206644
21 0.0815127
20 0.0227101
20 0.0366263
20 0.0540316
20 0.0326845
20 0.0228241
4 0.1193
7 0.140081
21 0.0835342
20 0.0218314
20 0.0410021
20 0.0287595
20 0.020373
20 0.0388029
21 0.0657523
20 0.0368594
20 0.0237301
20 0.0299983
20 0.0180002
20 0.022473
21 0.141326
20 0.0342651
20 0.027893
20 0.0231514
20 0.0206654
20 0.0259783
20 0.0400511
20 0.0486298
20 0.0248554
20 0.0387239
20 0.035783
20 0.0244107
20 0.0927616
4 0.211274
7 0.0947684
21 0.195518
7 0.130993
21 0.144681
20 0.0367618
20 0.025244
20 0.028491
20 0.036941
20 0.0219912
21 0.0870114
20 0.0410563
20 0.0220099
20 0.0287154
20 0.0418746
20 0.0221984
20 0.0904006
21 0.0930825
20 0.0285719
20 0.028978
20 0.0265598
20 0.0221458
20 0.0410746
21 0.0863144
20 0.040024
20 0.022109
20 0.0314972
20 0.0245951
20 0.0325457
4 0.151287
7 0.130992
21 0.108828
20 0.0346632
20 0.0233245
20 0.0323199
20 0.0196943
20 0.0336215
21 0.0854191
20 0.0410348
20 0.0212484
20 0.0266617
20 0.0311375
20 0.028182
21 0.099529
20 0.0826052
20 0.0214845
20 0.0390257
20 0.0294003
20 0.0218588
20 0.0360672
21 0.086661
20 0.0242658
20 0.0351862
20 0.0284271
20 0.0212359
20 0.0376
2 0.0520806
26 0
1 0.217697
1 0.0846558
1 0.216216
18 0.167132
18 0.16737
1 0.0611947
1 0.0602304
1 0.0615817
1 0.0705512
18 0.157508
18 0.148565
18 0.140332
18 0.133231
18 0.127578
18 0.12486
18 0.114331
18 0.108188
18 0.170791
1 0.039409
1 0.0344866
1 0.0313475
1 0.031809
1 0.0354578
1 0.0267869
1 0.030938
1 0.0346796
1 0.0281658
1 0.0241294
1 0.0260377
1 0.0258575
1 0.0225124
8 0.144786
16 0.0742851
7 0.161643
4 0.254496
4 0.0319728
22 0.100527
21 0.145262
22 0.179101
21 0.0481466
21 0.0298293
21 0.045293
21 0.0405355
21 0.0380698
21 0.0492069
21 0.0371368
21 0.0649623
21 0.0732428
21 0.0472608
21 0.0667012
21 0.0465069
21 0.0779664
21 0.0306276
21 0.0818677
21 0.0716779
21 0.0477669
21 0.0659738
21 0.107722
21 0.154528
21 0.0714461
21 0.0642069
21 0.0495118
21 0.065229
21 0.0271446
20 0.063866
20 0.0633233
20 0.053541
20 0.0605313
21 0.0984397
20 0.0690138
20 0.0589003
20 0.044838
20 0.058639
20 0.0496359
20 0.0559495
20 0.0400336
20 0.0681794
20 0.0645699
4 0.170415
7 0.16164
21 0.13561
21 0.114386
20 0.0490044
20 0.0308223
20 0.0479279
20 0.0305203
20 0.0313708
20 0.0396686
20 0.0200574
20 0.0330818
21 0.0935805
20 0.023637
20 0.0233508
20 0.0257385
20 0.0360408
20 0.0457395
20 0.0274411
20 0.0261212
20 0.0265599
21 0.135911
21 0.109734
20 0.024418
20 0.0241316
20 0.0266496
20 0.0594708
20 0.0267088
20 0.0254731
20 0.0251435
20 0.100431
21 0.122481
20 0.0277766
20 0.0267089
20 0.0253924
20 0.0616422
20 0.0248723
20 0.0242662
20 0.0231464
24 0.0827271
5 0.135884
18 0.109632
1 0.13351
18 0.130874
18 0.111738
18 0.153146
1 0.0375599
1 0.0329774
1 0.161739
18 0.0745518
18 0.0698885
18 0.0643814
18 0.0580313
18 0.0515585
18 0.049622
18 0.044671
18 0.0490254
18 0.0472582
1 0.0142527
1 0.00773228
1 0.00629801
1 0.00601097
1 0.00578604
1 0.0066283
1 0.00547215
1 0.00811099
8 0.12413
14 0.168559
22 0.167726
22 0.0965681
4 0.114094
21 0.120005
21 0.0444181
21 0.0615991
21 0.0202546
21 0.055713
21 0.0669747
21 0.0485781
21 0.0556583
21 0.0746696
21 0.0290353
21 0.0822175
21 0.0484413
21 0.044954
21 0.0590701
21 0.0765348
21 0.0646669
21 0.0345251
21 0.0707091
21 0.0467305
21 0.043501
20 0.0554092
20 0.0632478
20 0.0675666
20 0.0526161
20 0.0606805
20 0.0766557
21 0.135072
21 0.151739
20 0.0504261
20 0.0630094
20 0.0723722
20 0.0464558
20 0.0629212
20 0.0716929
21 0.0544858
20 0.0481985
20 0.063287
20 0.039135
20 0.043461
20 0.0509272
21 0.108032
20 0.0354529
20 0.031271
20 0.0214541
20 0.0317366
20 0.0254316
20 0.0507222
20 0.0243409
20 0.00881941
20 0.0355372
20 0.0277707
20 0.0213541
5 0.244539
18 0.100489
1 0.127194
18 0.0581525
1 0.0708298
1 0.123929
18 0.110509
18 0.0441889
18 0.0454999
18 0.0555972
18 0.0672291
18 0.0257748
1 0.049595
1 0.045008
1 0.0436509
1 0.0436445
1 0.0413949
16 0.0742851
4 0.120851
22 0.0759211
21 0.10274
21 0.0561484
21 0.0332022
21 0.0654156
21 0.0224486
21 0.0641528
21 0.0492745
21 0.0651145
21 0.0487622
21 0.0449477
21 0.0725906
21 0.046403
21 0.0630178
21 0.0255841
21 0.0648263
20 0.0595746
20 0.072878
20 0.112546
21 0.169954
21 0.0488686
20 0.0729039
20 0.0635664
20 0.0747353
21 0.0443518
20 0.0675237
20 0.0550665
20 0.0669502
20 0.0970752
21 0.106661
20 0.0645373
20 0.0445473
20 0.0590465
21 0.0456837
20 0.0520441
20 0.0272666
20 0.0174427
24 0.0259678
1 0.0654137
19 0.0429367
18 0.0983308
19 0.0205501
19 0.0429969
19 0.0429986
8 0.100971
21 0.147975
22 0.0937323
21 0.128009
21 0.050759
21 0.0391476
21 0.0564041
21 0.0200321
21 0.0705491
21 0.0447413
21 0.0695985
21 0.0745332
20 0.0227877
20 0.0159334
20 0.0197694
21 0.0274517
21 0.0644754
21 0.045464
21 0.0335889
21 0.099003
21 0.10567
20 0.0227602
20 0.0195455
20 0.0239719
20 0.0491609
20 0.0226086
20 0.0206088
20 0.0785772
21 0.0992846
20 0.0227181
20 0.0162093
20 0.0289239
20 0.0307748
20 0.0212673
20 0.0223981
24 0.0635751
19 0.0702437
1 0.126912
19 0.0119248
19 0.0429969
19 0.0429986
8 0.131491
4 0.106363
21 0.15121
21 0.153576
20 0.0209485
20 0.0158207
20 0.0202013
20 0.0507634
20 0.0248795
20 0.015612
20 0.0718845
21 0.0997938
20 0.0243736
20 0.015694
20 0.0265706
20 0.0314355
20 0.017909
20 0.0236105
22 0.103961
21 0.153248
21 0.0580991
21 0.0381141
21 0.0606452
21 0.0196348
21 0.0689475
21 0.0473998
21 0.0657803
21 0.0592246
21 0.0511531
21 0.0588269
21 0.0272798
21 0.0611055
20 0.0202215
20 0.0159686
20 0.0224051
13 0.147769
19 0.0683591
1 0.115398
19 0.0429969
19 0.0429987
19 0.0429968
8 0.124698
21 0.127849
21 0.154624
21 0.100392
20 0.0213562
20 0.0160747
20 0.0273356
20 0.0400844
20 0.0245861
20 0.027343
20 0.0807082
20 0.0350801
20 0.0177731
20 0.0262232
20 0.0474343
20 0.0237567
20 0.0166871
20 0.0356344
22 0.077071
21 0.106182
21 0.0392893
21 0.0564272
21 0.0244262
21 0.0509675
21 0.0526342
21 0.0671634
21 0.0409788
20 0.0620833
20 0.0174955
20 0.0173456
20 0.0525187
20 0.0629779
20 0.0421244
21 0.0715673
5 0.211927
1 0.198908
18 0.0599753
1 0.109997
18 0.0398668
18 0.0932596
18 0.0976476
18 0.0673637
1 0.0748763
1 0.0755391
1 0.0756999
14 0.218743
7 0.114412
21 0.100286
21 0.0432263
21 0.0211938
21 0.0693759
21 0.0487869
21 0.0338139
21 0.0728508
21 0.0393564
21 0.0359236
20 0.0206354
20 0.129698
21 0.145685
20 0.0203894
20 0.0248149
20 0.0413973
20 0.0209911
21 0.0815845
20 0.0263406
20 0.0209646
20 0.0412413
20 0.0168803
13 0.147769
19 0.0036941
19 0.0564946
19 0.0429985
19 0.0880396
18 0.122264
18 0.123194
1 0.0350768
18 0.122503
18 0.130261
18 0.135673
18 0.112364
1 0.0563971
1 0.180463
22 0.177167
20 0.0524925
20 0.0211079
20 0.0202743
20 0.0396024
20 0.0207133
20 0.0198625
21 0.117007
21 0.0530673
21 0.0273883
21 0.0287088
21 0.0612431
21 0.0380424
21 0.236938
18 0.140016
18 0.114206
18 0.189102
18 0.161778
18 0.177355
18 0.201491
18 0.226451
18 0.272464
23 0.347733
21 0.0459083
21 0.0368903
21 0.0469353
21 0.211849
19 0.117589
23 0.238885
21 0.0942748
21 0.0622082
21 0.0572954
23 0.178127
23 0.210236
21 0.0504266
21 0.042792
21 0.0528166
1 0.202808
21 0.143535
21 0.0349764
21 0.0590771
23 0.0943171
23 0.0945539
21 0.0581445
21 0.0301985
23 0.0613393
23 0.18714
21 0.0370001
21 0.0582731
23 0.255682
21 0.054544
21 0.0472929
23 0.094349
23 0.195451
21 0.0371582
21 0.107555
18 0.185668
21 0.217854
21 0.0470578
23 0.135294
21 0.0540446
23 0.124572
23 0.177149
23 0.102533
21 0.0714836
23 0.19028
21 0.0803131
21 0.213579
23 0.111829
23 0.0385968
23 0.0934242
23 0.06018
23 0.0866104
23 0.17549
21 0.20086
23 0.0500391
23 0.133889
23 0.0799893
10 0
25 0.179397
11 0.127803
