6 0
14 0
1 0.00629833
19 0.00455174
1 0.00502132
1 0.00492717
1 0.00463287
24 0.00419557
1 0.00412697
1 0.00445668
25 0.00375358
25 0.00302527
1 0.00408495
24 0.00326811
25 0.00345228
25 0.00359528
1 0.00378404
1 0.0036218
1 0.00360282
1 0.00350081
15 0.00804215
1 0.00264208
1 0.00290543
1 0.00314749
1 0.00298587
1 0.00296897
1 0.00279457
1 0.00288326
1 0.00291971
15 0.00543596
1 0.00173036
1 0.00299095
1 0.00241301
1 0.00255144
1 0.00258119
1 0.00247104
1 0.00244098
1 0.0024337
1 0.0023899
23 0.0019238
1 0.00161184
1 0.00224172
1 0.00247205
1 0.00230009
1 0.00217939
1 0.00216736
25 0.00206301
25 0.00480793
1 0.0021467
24 0.00240095
11 0.00463106
1 0.00144338
1 0.00148246
25 0.00506982
1 0.00193546
1 0.00130249
1 0.00157269
1 0.00193303
1 0.00138465
1 0.00154611
7 0.00303858
25 0.00145412
1 0.00158724
1 0.00122903
1 0.00129193
1 0.00175115
1 0.000862484
1 0.00182609
1 0.00112714
1 0.00136205
16 0.00844307
1 0.00128144
1 0.00123584
1 0.000385618
1 0.00171051
1 0.000324062
1 0.00172275
1 0.000231936
1 0.00155945
1 0.000364483
16 0.00561938
1 0.00043158
1 0.00144204
1 0.000321872
1 0.00151552
1 0.000123278
1 0.00148249
1 0.000211354
9 0.0111287
1 0.000113703
1 0.00104579
1 0.000460554
1 0.000439502
1 0.00121392
1 8.07955e-05
9 0.0113768
1 0.000632647
25 0.0039113
1 0.00072893
1 0.000192101
9 0.00248463
1 0.000796681
1 0.000159522
8 0.000410395
1 0.00130234
1 0.000510953
21 0.000590528
25 0.00207934
20 0.00647082
15 0.00149381
1 0.00103015
8 0.000158023
1 0.000249175
1 0.000664021
8 0.000245309
1 0.000517112
1 0.000192049
21 0.000553772
1 0.000837405
25 0.00122088
21 0.0017874
1 0.00128681
1 0.000512736
8 0.000138015
1 0.00125722
8 0.000985617
1 0.00136507
1 0.000790913
21 0.000579609
1 0.000242639
1 0.000622818
8 0.000561965
1 0.000458321
1 0.000301181
8 0.000712269
1 0.000974637
1 0.000177132
21 0.00302918
25 0.00135196
19 0.00434565
12 0.00747821
1 0.000523072
9 0.00227688
1 0.000168639
1 0.000439965
8 0.000388556
1 0.000774855
1 0.000174673
21 0.00307877
25 0.00166776
1 0.000511323
21 0.000524753
1 0.0012034
17 0.0109529
16 0.00654249
1 0.00113882
8 0.000102359
1 0.000301817
1 0.000704025
21 0.000673926
1 0.000203329
25 0.00301456
21 0.000389348
1 0.000778084
1 0.000190876
8 0.000667154
1 0.000990241
1 0.000243535
8 0.000326279
1 0.00126025
10 0.00180693
24 0.00424312
1 0.00104862
8 0.000212638
1 0.000312947
1 0.000715206
8 0.000398988
1 0.000504358
1 0.000191965
8 0.00533706
1 0.00503083
1 0.000291702
4 0.000251113
1 0.000558558
9 0.00195984
1 0.000575213
1 0.000878544
8 0.000147356
1 0.000153099
1 0.00042386
8 0.00526986
1 0.00482985
1 0.000172722
21 0.000599268
1 0.0010539
1 0.000334817
8 0.000328624
1 0.00124787
16 0.00386273
17 0.00119827
1 0.00111626
21 0.000918002
1 0.00184211
25 0.00161478
21 0.000646521
1 0.000142414
1 0.000434215
8 0.000269077
1 0.00077843
1 0.000187131
8 0.000455776
1 0.000978785
1 0.000241759
21 0.000418287
1 0.00101331
5 0.00163866
23 0.00801035
1 0.00103707
8 0.000285487
1 0.000228173
1 0.000636487
8 0.000479978
1 0.000400499
1 0.000219215
4 0.000102732
1 0.000383941
1 0.000438738
9 0.00240255
1 0.00125412
8 0.000206243
1 0.00058735
1 0.000893381
8 0.000204297
1 0.000149993
1 0.000528079
21 0.000495561
1 0.00046383
1 0.000218771
8 0.000378838
1 0.00110206
1 0.000348283
8 0.000260264
1 0.00135312
23 0.00546101
5 0.00455431
25 0.00467122
21 0.000876786
1 0.00053243
1 0.00085561
8 0.000159067
1 0.000156819
1 0.000463425
8 0.000393225
1 0.000844262
1 0.000186645
21 0.000316475
1 0.000843471
25 0.00335033
21 0.000424759
1 0.00117047
9 0.0102496
9 0.0126697
1 0.000843319
8 0.000158269
1 0.000301437
1 0.000742086
4 0.000156953
1 0.000218371
1 0.000241893
9 0.00245847
1 0.00133646
1 0.000508723
8 0.000259411
1 0.00126111
8 0.000285034
1 0.000610673
1 0.000934249
21 0.00083798
1 0.000314977
1 0.000764037
8 0.000390305
1 0.000482134
1 0.00021631
8 0.000365083
1 0.0010946
1 0.000289644
8 0.0012055
1 0.000587974
19 0.00428472
26 0.00706257
1 0.00131893
8 0.000385459
1 0.000629804
1 0.00096555
8 0.000189554
1 0.000250344
1 0.000402105
21 0.000414134
25 0.00496482
25 0.00296325
21 0.000392409
1 0.00105833
1 0.000226436
8 0.000556006
1 0.001032
7 0.00789812
8 0.00364096
1 0.000478159
9 0.00220038
25 0.00473773
25 0.00312243
21 0.000598963
1 0.000739384
1 0.000140329
8 0.000335749
1 0.00125405
1 0.000426834
8 0.000117926
1 0.00119316
10 0.00859181
24 0.00633539
1 0.00110561
8 9.7896e-05
1 0.000236286
1 0.000692209
8 0.000345825
1 0.000449049
1 0.00023078
8 0.000442088
1 0.00103332
1 0.00023588
21 0.000347905
1 0.00107383
1 0.000240535
8 0.000278184
1 0.000847499
8 0.000575472
1 0.000651623
1 0.000922961
21 0.00107014
25 0.0016449
1 0.00137266
21 0.000655516
1 0.00049716
1 0.000259183
4 0.000186224
1 0.000403275
1 0.00286932
17 0.00978073
1 0.0010266
21 0.0010126
25 0.00223619
1 0.000838977
21 0.000813311
1 0.000230717
1 0.000395079
8 0.000285885
1 0.000862671
1 0.000205987
8 0.000314167
1 0.00129892
1 0.000484025
21 0.000517267
1 0.00492563
5 0.00299383
23 0.00284856
1 0.00103186
8 9.27724e-05
1 0.00021682
1 0.000730958
8 0.000519799
1 0.000591273
1 0.000136582
21 0.0006172
1 0.000852547
1 0.000204912
8 0.000232347
1 0.00129172
1 0.000456272
8 0.000124628
1 0.000824338
21 0.00191151
25 0.00441735
1 0.000690931
4 0.000153058
1 0.000443644
1 0.000130885
9 0.00264729
1 0.000614999
1 0.000178713
8 0.000419053
1 0.00101415
23 0.00528752
5 0.00189133
1 0.000770881
21 0.00100867
1 0.000492802
1 0.000718264
8 0.000315495
1 0.000143401
1 0.000459306
8 0.000490568
1 0.000822105
1 0.000212145
21 0.000476791
25 0.00153356
1 0.0038609
21 0.000414371
1 0.000853293
17 0.00383323
16 0.00762485
1 0.000786274
8 7.45367e-05
1 0.000197928
1 0.000615357
21 0.000559096
1 0.00019531
1 0.00177381
8 0.00180693
1 0.000812186
1 0.000178614
8 0.000353147
1 0.00104866
1 0.000268508
4 0.000346641
1 0.000496998
9 0.00210069
1 0.000184574
1 0.00175624
8 0.00187376
1 0.000398417
1 0.000286473
8 0.000485119
1 0.00103117
1 0.000265971
8 0.000385754
1 0.00105165
24 0.00116611
10 0.00315362
1 0.000963429
8 0.000153403
1 0.000478653
1 0.000862173
8 0.000384805
1 0.000261505
1 0.000306225
21 0.000537587
25 0.00261958
1 0.000169728
21 0.000341613
1 0.000713095
1 0.00022338
8 0.000434857
1 0.00101295
16 0.0110923
17 0.0153533
1 0.000719024
21 0.00119848
1 0.000487524
25 0.00432564
21 0.00611401
1 0.000261777
1 0.000370806
4 0.000229314
1 0.000172453
1 0.00024309
17 0.0072348
1 0.00100306
26 0.00273543
19 0.00145149
25 0.00416476
21 0.00543656
1 0.000238943
1 0.00076405
8 0.000275609
1 0.00044938
1 0.000287751
8 0.000577962
1 0.00104599
1 0.000202045
21 0.000328912
1 0.00116667
1 0.000396927
8 0.00010989
1 0.00115902
8 0.000369749
1 0.00052804
1 0.000836197
21 0.000717678
25 0.0025992
1 0.00056827
21 0.000630871
1 0.000466314
1 0.000343287
8 0.000465318
1 0.000880602
1 0.000141462
8 0.00018754
1 0.00112104
15 0.00173815
20 0.00459836
25 0.00223563
4 0.000252168
1 0.00069087
1 0.000260209
9 0.00254577
1 0.000502116
1 0.000232855
8 0.000433368
1 0.00109235
1 0.000265867
21 0.000505874
25 0.00248466
5 0.00355767
15 0.0055971
1 0.000807398
8 0.000166978
1 0.000196341
1 0.000657613
8 0.000363573
1 0.000574718
1 0.000232741
21 0.000543379
1 0.000859502
25 0.0035045
21 0.00640347
1 0.00081635
1 0.000182197
8 0.000345434
1 0.000859486
8 0.00644439
25 0.00437995
1 0.000722653
21 0.000800776
1 0.00021258
1 0.000761765
4 0.000134345
1 0.000206309
25 0.00349168
26 0.00180362
1 0.000465305
18 0.000159396
1 0.00079692
1 0.000262092
18 0.000562432
1 0.000297199
1 0.000377881
18 0.000526607
1 0.000310819
26 0.00262327
25 0.00278265
1 0.000274654
26 0.00198386
1 0.000296754
5 0.01611
23 0.00520741
1 0.000136562
18 0.000135126
1 0.000263954
1 0.000326289
18 0.000819906
1 0.000319412
12 0.00691657
1 0.000737656
1 0.00030798
9 0.00215133
1 0.00408873
9 0.00204674
1 0.000281929
1 0.000678037
8 0.000231853
1 0.000473838
1 0.000180062
21 0.000579203
1 0.000787978
25 0.000752227
21 0.00239276
1 0.00133128
1 0.000501255
8 0.000274964
1 0.00128211
8 0.00165973
1 0.00190408
1 0.00090904
21 0.000942223
1 0.000234471
1 0.000687179
8 0.000214162
1 0.000521707
1 0.000205613
8 0.000448953
1 0.00102498
1 0.000258294
21 0.00372646
25 0.00212792
19 0.00337651
26 0.00139282
1 0.000911641
8 0.000259458
1 0.000599972
1 0.000960953
8 0.000402274
1 0.000166715
1 0.000428702
21 0.000444885
1 0.000429443
25 0.00316231
4 0.000121069
1 0.000562856
24 0.00617302
16 0.00694168
1 0.00113742
8 0.000130069
1 0.000277013
1 0.000702094
21 0.000627571
1 0.000178763
25 0.00290377
21 0.000512654
1 0.000849436
1 0.000200383
8 0.000326989
1 0.00134616
1 0.000558647
8 0.000192346
1 0.00128509
10 0.000818126
24 0.00282502
1 0.00113089
8 0.000124402
1 0.000274023
1 0.000693421
8 0.000293819
1 0.000576106
1 0.000132658
8 0.00322971
1 0.00284164
1 0.00022376
21 0.000300253
1 0.001016
1 0.000234842
8 0.000372273
1 0.00114568
8 0.000218878
1 0.00055485
1 0.000715161
4 0.000544381
1 0.000444434
1 0.000168677
9 0.00242408
1 0.00113853
1 0.000361771
8 0.000298109
1 0.00134244
16 0.00601203
17 0.001668
1 0.00110972
21 0.00102185
1 0.00386629
25 0.0010957
21 0.000866906
1 0.000197222
1 0.000438041
8 0.000286466
1 0.000848739
1 0.000227357
8 0.000263554
1 0.00134096
1 0.000520762
21 0.000681965
1 0.00136699
5 0.00147586
23 0.00554428
1 0.00105373
8 0.000246289
1 0.000158551
1 0.00057915
8 0.000525072
1 0.00051113
1 0.000175032
21 0.000448344
1 0.000777141
1 0.00013522
8 0.000625949
1 0.0010814
1 0.000217864
4 0.00021111
1 0.00063379
17 0.00723283
1 0.000200704
1 0.000443056
21 0.000624433
1 0.000507496
1 0.000199689
8 0.000301373
1 0.00114887
1 0.000369014
8 0.000265197
1 0.00127939
23 0.00227714
5 0.00500624
1 0.00232975
21 0.00111353
1 0.000612534
1 0.000939089
8 0.000103544
1 0.000193694
1 0.000405504
8 0.000280979
1 0.000858354
1 0.00017262
21 0.000609935
1 0.00391356
25 0.00147077
21 0.000533582
1 0.00100562
17 0.00809531
16 0.0122296
1 0.000962314
8 0.000209569
1 0.000260494
1 0.000795942
21 0.000507947
1 0.000243308
1 0.000428065
4 0.000103046
25 0.0029926
1 0.00042868
9 0.00235571
1 0.00130334
8 0.000304218
1 0.00056386
1 0.000889409
21 0.00101927
1 0.000258768
1 0.000740393
8 0.000216686
1 0.000505343
1 0.000218425
8 0.00036059
1 0.00113955
1 0.000336001
8 0.000153859
1 0.0013781
24 0.00311872
10 0.00531087
1 0.00130345
8 0.000404538
1 0.000520433
1 0.000850135
8 8.68907e-05
1 0.000249975
1 0.00041286
21 0.000535715
25 0.00199336
1 0.000758788
21 0.000467602
1 0.00104795
1 0.000219303
8 0.000377332
1 0.0011959
16 0.012082
17 0.0163667
1 0.000817594
4 0.000665008
1 0.000754071
1 0.000269775
9 0.00242321
1 0.000797022
1 0.000144363
8 0.000449992
1 0.00126457
1 0.000435975
8 7.87148e-05
1 0.00116269
26 0.00302428
19 0.00106747
25 0.00476227
21 0.00614738
1 0.000268223
1 0.000693276
8 0.000234823
1 0.000535404
1 0.000222864
8 0.000304296
1 0.00108694
1 0.000276198
21 0.000684685
1 0.00130748
1 0.000432763
8 0.000119632
1 0.00119021
8 0.000226061
1 0.000517644
1 0.000896097
21 0.000602239
25 0.00256115
1 0.000453215
21 0.000533375
1 0.000469469
1 0.000255079
8 0.000515943
1 0.000993334
1 0.000141749
4 0.000229274
1 0.000619395
9 0.00323371
25 0.00244905
1 0.000671141
21 0.000731967
1 0.000270696
1 0.000390434
8 0.000326844
1 0.000858
1 0.000195165
8 0.000250455
1 0.00132732
1 0.000437802
21 0.000749081
25 0.00209974
5 0.00422728
15 0.0050877
1 0.000985964
8 0.000221962
1 0.000178863
1 0.0006635
8 0.000109161
1 0.000623247
1 0.000156927
21 0.000634955
1 0.000838317
25 0.00283367
21 0.00564506
1 0.00121758
1 0.000349623
8 0.000243747
1 0.000958844
8 0.0053481
25 0.00533802
1 0.000702018
21 0.000899129
1 0.000145326
1 0.00064891
4 0.000130809
1 0.000238035
25 0.00334397
9 0.00256819
1 0.000691633
7 0.00943416
5 0.00881536
1 0.000770802
21 0.00102203
1 0.000526157
1 0.000739222
8 0.000243758
1 0.000213184
1 0.000376957
8 0.000405925
1 0.000810356
1 0.000128779
21 0.000321509
25 0.00208004
1 0.000260061
21 0.000509609
1 0.000827024
17 0.00715863
16 0.00328385
1 0.000843778
8 0.000181236
1 0.000175939
1 0.000666872
21 0.000672171
1 0.000256244
25 0.00295271
21 0.000594026
1 0.000806271
1 0.000163417
8 0.000408055
1 0.00104141
1 0.00014532
8 0.000296305
1 0.000914752
10 0.00589451
17 0.00254221
1 0.000364667
9 0.00246232
1 0.000468837
1 0.000312904
8 0.000574963
1 0.000740849
1 0.000156569
8 0.000358423
1 0.000976367
11 0.00531894
10 0.00913925
1 0.000974469
8 0.000190353
1 0.00045863
1 0.000883499
8 0.000374604
1 0.000289312
1 0.000414227
21 0.00595976
25 0.00355356
1 0.000253928
21 0.000383676
1 0.00101901
1 0.000254765
8 0.000367535
1 0.000883946
16 0.00122551
17 0.00365833
1 0.000955839
21 0.00104716
1 0.000357095
25 0.00259058
21 0.000594962
1 0.000307833
1 0.000350686
8 0.000255485
1 0.000902699
1 0.000203175
4 0.00024046
1 0.000521216
16 0.0125346
25 0.00950045
25 0.00232953
21 0.000726412
1 0.000243356
1 0.000732084
8 0.000246799
1 0.000503621
1 0.000321223
8 0.000306051
1 0.0010283
1 0.000226529
21 0.000525602
1 0.00118673
25 0.00181139
21 0.0022025
1 0.00113914
8 0.000407677
1 0.000602136
1 0.000967551
8 9.9181e-05
1 0.000215303
1 0.000536416
21 0.00063951
1 0.000456488
1 0.000347214
8 0.00031873
1 0.00105799
1 0.000221702
8 0.000140791
1 0.000918373
23 0.00534646
5 0.00461534
25 0.00519191
21 0.0012677
1 0.000589436
1 0.000977997
4 0.00012408
1 0.000393548
1 0.000129089
17 0.00684729
1 0.000752779
1 0.00017221
8 0.00600456
1 0.00527407
20 0.00258389
15 0.00807764
1 0.000777851
8 0.000233189
1 0.00016234
1 0.000682472
8 0.000329579
1 0.000580215
1 0.000163193
21 0.000610597
1 0.000981012
25 0.00217657
21 0.000490032
1 0.00111802
1 0.000258264
8 0.000277251
1 0.000949998
8 0.00702517
7 0.00468121
1 0.00035383
18 0.000126829
1 0.000107781
1 0.000312123
18 0.000362182
1 0.000407372
26 0.00159925
25 0.00243621
25 0.00469863
26 0.00196258
1 0.000220046
1 0.000242321
18 0.000569523
1 0.000286978
18 0.000116753
1 0.000222904
1 0.000328365
18 0.000324275
1 0.000319428
18 0.00332861
1 0.00397861
1 0.000230836
26 0.00199842
1 0.000295143
25 0.0023789
12 0.000794921
1 0.000398826
9 0.0114486
1 0.000230339
1 0.000341188
17 0.00730616
1 0.00112586
20 0.00827789
11 0.00975749
1 0.00111425
8 0.000128921
1 0.000277074
1 0.000717228
8 0.000291659
1 0.000492894
1 0.000247084
21 0.000582985
25 0.00416401
25 0.00390324
21 0.000673661
1 0.00135464
1 0.000498388
8 0.000136752
1 0.00129286
8 0.000374271
1 0.000583232
1 0.000925588
21 0.000870705
1 0.000192844
3 0
2 0.00304154
2 0.00189915
2 0.00319231
2 0.00159037
2 0.00089678
2 0.00267657
2 0.0029123
22 0.00419227
22 0.00504552
22 0.00138542
22 0.00254228
22 0.00792596
13 0.00378
13 0.00378
