16 0.00981271
9 0.00683508
9 0.00913281
8 0.0208157
10 0.012187
9 0.00700478
18 0.0096252
12 0
21 0.00619092
16 0.00324806
21 0.00682158
16 0.00919538
1 0.00386684
6 0.011167
21 0.0074138
9 0.00704407
9 0.00774569
21 0.00589974
21 0.0120328
1 0.00888407
1 0.00397633
21 0.00354658
21 0.0047346
15 0.0095778
10 0.00551318
16 0.0084217
21 0.009983
16 0.0098085
15 0.0103953
16 0.0103039
1 0.00567498
1 0.00754169
15 0.00676492
1 0.00427482
1 0.00719249
15 0.0106942
21 0.00444734
21 0.00551788
8 0.00782224
21 0.00711817
16 0.00628612
9 0.00496589
16 0.00964724
16 0.00609473
8 0.010501
20 0.0121588
20 0.0132426
20 0.017355
20 0.019321
1 0.0110779
10 0.00970285
10 0.0151322
16 0.00792696
17 0.00414113
17 0.00907993
9 0.0134593
16 0.00646874
17 0.0101513
8 0.0168376
18 0.00702878
21 0.00638657
16 0.00796351
18 0.00960254
21 0.00745065
10 0.00832139
17 0.0143709
21 0.00372165
14 0.00933787
20 0.00610981
20 0.0120268
1 0.00448601
20 0.00971657
22 0.0141525
20 0.00920812
9 0.00343515
17 0.00772222
3 0.00807017
3 0.00709284
3 0.00655369
3 0.0135974
1 0.00447868
15 0.00716712
15 0.00462025
15 0.00668668
1 0.00508083
15 0.00448882
22 0.00731082
1 0.00444116
10 0.0135705
24 0.014009
22 0.00593626
14 0.00603901
14 0.00795345
14 0.00601537
14 0.00893018
15 0.00844333
14 0.0101183
14 0.00489535
10 0.00875819
20 0.00926251
16 0.00614561
9 0.00882485
16 0.00602254
1 0.0060093
14 0.00953825
16 0.00769134
18 0.00446771
9 0.00762734
8 0.00772714
1 0.00417831
18 0.00873059
9 0.0102717
20 0.0105971
15 0.0104328
22 0.00899241
15 0.00948361
22 0.00388868
22 0.00644761
7 0.00833396
15 0.0105983
7 0.00975656
20 0.0110511
15 0.00768619
14 0.00817308
20 0.0127431
15 0.00969924
1 0.00663159
8 0.00936832
9 0.0073523
9 0.00351058
9 0.00771782
9 0.0105369
17 0.0112402
21 0.0105696
10 0.0046838
21 0.00169186
21 0.00239954
16 0.00273594
1 0.00550656
21 0.0083139
10 0.00516
24 0.011214
1 0.00914858
1 0.00647994
1 0.00283965
15 0.00657068
14 0.0103003
15 0.00581211
15 0.00563061
1 0.00653972
1 0.00533241
1 0.00725481
15 0.00376048
15 0.00714447
15 0.00576021
1 0.00271257
16 0.00731089
15 0.00917465
10 0.00537363
16 0.00787279
16 0.00581803
21 0.00615519
1 0.00898446
14 0.011197
1 0.00326124
15 0.00436101
15 0.00339561
15 0.00551834
15 0.00485765
1 0.00478829
1 0.00753259
15 0.0075842
15 0.00580663
1 0.00621431
20 0.00401805
1 0.0117352
1 0.00329991
1 0.00717739
15 0.00540923
20 0.00619293
7 0.00789545
15 0.00985534
6 0.0117859
14 0.00771141
14 0.00844398
14 0.00897717
14 0.00656958
14 0.0140161
14 0.0115549
20 0.0112573
21 0.0124629
9 0.00842157
21 0.00364229
16 0.011344
21 0.00817359
16 0.00748895
21 0.00542429
1 0.00556432
10 0.00636887
21 0.00523752
1 0.00680413
21 0.00351102
1 0.00315215
21 0.00735992
1 0.00662429
21 0.00676017
16 0.00868617
21 0.00823718
1 0.00391459
18 0.00618498
17 0.0212532
17 0.0158088
21 0.0114216
21 0.00502758
9 0.0116681
17 0.0207277
9 0.0129779
21 0.00628919
1 0.00689156
21 0.0101298
8 0.0143737
9 0.00644099
21 0.00453668
16 0.00454621
16 0.00696386
21 0.00700412
24 0.00577698
22 0.00796166
21 0.00427315
24 0.00813224
1 0.00283417
21 0.00432317
8 0.00852977
16 0.00739778
16 0.00893959
16 0.0052743
21 0.00735585
16 0.0114957
18 0.00772737
17 0.0105934
17 0.0102238
3 0.00566678
17 0.00992669
16 0.0046898
10 0.0118154
17 0.0163284
16 0.00900554
9 0.0101442
16 0.00641161
9 0.0104519
9 0.0111623
8 0.0197139
9 0.00563926
21 0.00474164
16 0.00268123
21 0.00548155
1 0.00491975
1 0.00509876
1 0.00738409
21 0.00303159
22 0.00854777
16 0.00731655
9 0.00893943
16 0.00357906
20 0.00686031
21 0.00410697
10 0.00660222
16 0.00813134
21 0.0057055
20 0.00483698
15 0.00638444
20 0.00648697
20 0.00729941
16 0.00553013
21 0.00484979
16 0.00273176
8 0.00908653
8 0.0069451
1 0.00559685
1 0.00602127
1 0.00502032
21 0.00659061
9 0.00882225
1 0.00623665
21 0.00492056
21 0.0133416
9 0.0186099
4 0.0129506
4 0.00690833
21 0.00629874
15 0.00697063
14 0.00894406
15 0.00499158
16 0.00639157
22 0.0131317
21 0.00309739
22 0.00910461
19 0.014285
19 0.0208179
14 0.00550417
20 0.00464516
10 0.00498143
20 0.0177625
1 0.00631636
1 0.0046211
15 0.0105977
1 0.00776391
14 0.0106388
7 0.00775378
7 0.00895782
14 0.00712979
7 0.0104937
7 0.0131473
14 0.0140879
15 0.0108607
7 0.00808059
7 0.00781083
20 0.0101771
9 0.00502898
21 0.00269732
8 0.00946693
17 0.00928622
22 0.0135639
8 0.0128044
22 0.00532709
4 0.00485538
15 0.00526826
22 0.0103979
7 0.0112316
22 0.0066446
1 0.00606256
16 0.00634361
16 0.00888865
20 0.00800609
16 0.00609406
16 0.0096122
16 0.00617379
21 0.00446277
20 0.00813486
21 0.00246632
16 0.0116162
15 0.00658935
10 0.00544465
1 0.00297771
10 0.00653209
15 0.00475728
14 0.00750001
1 0.00626081
1 0.0055209
21 0.00355296
24 0.00777266
21 0.0063449
21 0.00442135
9 0.00261701
20 0.00906015
21 0.00779764
1 0.00268228
21 0.0102492
20 0.00884265
15 0.004223
16 0.00976024
21 0.00741926
8 0.00573771
1 0.00223539
11 0.0111452
1 0.00515992
16 0.0081388
16 0.00481526
16 0.00358351
1 0.00882639
1 0.00540594
9 0.00703148
1 0.0073594
15 0.00492168
1 0.00410499
21 0.00997014
21 0.00458548
22 0.00935551
15 0.00535248
1 0.00786831
1 0.00289628
1 0.00804144
1 0.00483147
8 0.0115654
1 0.0044699
16 0.00454217
24 0.00879697
1 0.00561885
1 0.0101352
1 0.00918624
1 0.00539348
20 0.00784754
15 0.00440301
15 0.00847945
1 0.00573555
4 0.00899203
15 0.00801809
21 0.00638089
10 0.0138106
1 0.00573064
21 0.00682527
10 0.00850435
22 0.015613
22 0.00895925
10 0.00550304
7 0.00615285
22 0.00875827
22 0.00774211
22 0.00265502
16 0.00550365
22 0.00495311
1 0.0014314
21 0.00419377
16 0.00510914
21 0.00828785
8 0.00637103
15 0.00546165
1 0.00870347
22 0.0222778
22 0.018096
14 0.0048007
7 0.00687375
7 0.00847712
14 0.00906393
7 0.00657765
22 0.00743491
22 0.00493397
7 0.00783157
7 0.00543786
14 0.0081845
6 0.0127251
6 0.0159701
6 0.010619
6 0.015035
6 0.00981804
6 0.00541503
6 0.0200738
7 0.00790017
19 0.0117881
19 0.0125416
6 0.00735247
14 0.00826342
20 0.0073287
6 0.00989249
6 0.00769212
6 0.00698007
6 0.00558099
14 0.0131633
6 0.00943048
20 0.00663192
24 0.00403419
21 0.00837769
9 0.00789896
24 0.00672821
24 0.0136135
24 0.0115024
21 0.00507002
15 0.0077493
15 0.00299601
15 0.00752836
10 0.00630196
10 0.00425933
15 0.00643961
15 0.00636554
1 0.00567938
20 0.0070653
1 0.00564575
1 0.00573824
7 0.0070173
15 0.0069481
1 0.00521199
1 0.00651091
21 0.00482021
24 0.0141694
16 0.00799429
16 0.00953963
21 0.00567897
16 0.00572768
1 0.00619343
10 0.00888958
21 0.00260798
19 0.00844693
13 0.0112221
21 0.00705146
21 0.0074736
24 0.0143952
8 0.0043681
1 0.006343
9 0.0171662
9 0.00457244
1 0.00502539
20 0.00747046
1 0.00764391
8 0.00535807
20 0.0112727
20 0.00522962
14 0.00915858
14 0.00936636
14 0.00403454
20 0.00334851
22 0.00579246
14 0.00577703
7 0.00290475
22 0.00732437
13 0.00915893
24 0.00374892
10 0.00358727
10 0.019761
4 0.0185265
22 0.00623188
18 0.0208273
1 0.00924319
14 0.0106098
13 0.0056485
16 0.00757864
20 0.00451786
16 0.0121621
16 0.0111511
20 0.00961813
10 0.00798441
14 0.00721383
14 0.0067628
7 0.010636
22 0.0102498
7 0.00838194
14 0.00709106
7 0.00841484
21 0.00971106
21 0.00793562
22 0.00972421
22 0.00858755
22 0.00786953
22 0.00493886
22 0.00396322
20 0.00500238
1 0.00907875
14 0.00988252
22 0.007876
22 0.00966826
13 0.00687689
22 0.016176
22 0.0150278
10 0.00957736
16 0.00617161
22 0.00981868
15 0.00901951
7 0.00942355
7 0.00660249
7 0.0096342
7 0.00857604
22 0.00513866
24 0.0106567
22 0.00205341
22 0.00202764
22 0.00292043
14 0.00649937
1 0.00743925
22 0.0057946
20 0.00880736
13 0.00975442
7 0.0140173
7 0.00716245
7 0.00875747
7 0.0109923
7 0.0102793
14 0.012187
15 0.00795261
15 0.00710826
10 0.00366168
1 0.00759139
10 0.00690572
15 0.00849079
1 0.00509058
1 0.00971629
1 0.00471104
21 0.00488171
9 0.0132271
17 0.00867972
24 0.0148996
1 0.0062168
16 0.00511253
21 0.00465677
21 0.0081196
1 0.00310242
21 0.0114352
4 0.00915893
4 0.00763641
24 0.00186512
10 0.00447964
10 0.00908098
23 0.00316096
23 0.014133
11 0.00716264
11 0.0111571
11 0.0103196
24 0.00820995
10 0.00913971
24 0.00669163
24 0.0086122
24 0.0104123
24 0.00376169
24 0.00326617
13 0.00603937
21 0.0074643
16 0.0134484
24 0.00863834
24 0.00395029
24 0.00892919
11 0.00678978
11 0.00661679
9 0.0147788
17 0.0159226
11 0.00772676
24 0.0065374
10 0.00758243
24 0.00671179
10 0.0116343
10 0.00883745
24 0.00298034
13 0.00221533
10 0.0106831
22 0.00832583
24 0.00416796
24 0.00773526
13 0.00853569
8 0.00858769
16 0.0127525
21 0.00955309
11 0.00894951
10 0.00486342
24 0.00415894
24 0.00322545
13 0.00748278
24 0.00859939
13 0.00714277
13 0.00760924
24 0.00307204
24 0.0041033
7 0.00500512
15 0.00626396
11 0.0140669
24 0.00646098
15 0.00744133
7 0.0083726
15 0.0111504
11 0.00993256
14 0.0111629
14 0.00980251
7 0.00532873
7 0.0053963
23 0.00611608
13 0.00776064
15 0.0112487
5 0.00908773
24 0.0111023
5 0.011142
23 0.0168065
11 0.00767998
24 0.0116082
24 0.00366188
24 0.00658544
13 0.0072948
24 0.00618021
24 0.00866003
24 0.005569
11 0.00822013
24 0.00426714
11 0.00663335
11 0.00662393
24 0.00781552
24 0.0067345
24 0.00728675
11 0.00950202
11 0.00700637
23 0.0103095
23 0.00754304
23 0.0195834
11 0.012827
11 0.00600121
23 0.00628196
5 0.0142404
21 0.00747699
13 0.00382849
10 0.00778136
7 0.00791636
7 0.0103825
22 0.0135256
22 0.006548
4 0.0104801
24 0.00821921
24 0.00950943
11 0.00416975
11 0.00806273
24 0.0105786
10 0.00876869
19 0.0172514
6 0.0140422
2 0
6 0.00676892
22 0.01189
13 0.0112428
11 0.00420884
6 0.0120855
7 0.014033
14 0.00934887
7 0.00780213
19 0.00909438
6 0.00924146
24 0.00773983
11 0.00925471
24 0.0157513
21 0.00728189
24 0.00562014
24 0.00689019
24 0.00737213
13 0.00707635
24 0.00854872
13 0.00620913
13 0.0050391
15 0.00824939
24 0.00959642
24 0.00462161
10 0.0121787
10 0.00641745
10 0.00596861
24 0.00882121
10 0.00687492
10 0.00641066
24 0.00295519
10 0.00724579
24 0.00993256
24 0.011714
5 0.0137072
13 0.00748204
11 0.00771093
11 0.00327361
5 0.0140611
24 0.00455424
11 0.0100832
11 0.00966361
11 0.00969522
11 0.00897667
23 0.00915714
13 0.00773881
13 0.0072093
16 0.0128687
11 0.00919318
11 0.00631873
11 0.00382055
11 0.00836198
13 0.0107423
13 0.00966757
13 0.00885014
13 0.00837143
13 0.0113458
8 0.0114445
13 0.00601881
13 0.00714012
1 0.00679285
13 0.00883103
20 0.00959916
20 0.0101939
13 0.00787173
13 0.00589123
5 0.0170696
23 0.00780079
24 0.0088839
13 0.00825071
23 0.00475874
11 0.00776546
13 0.00803698
23 0.00726062
15 0.0085822
15 0.0091817
15 0.00982414
10 0.0063995
14 0.00813634
14 0.00958294
20 0.00703544
8 0.0145614
20 0.0062022
20 0.0157593
20 0.0069383
20 0.0116372
20 0.00573293
14 0.00819784
6 0.00896032
8 0.0162364
20 0.0112245
8 0.00921257
23 0.0141689
14 0.00293223
14 0.0036094
14 0.0106716
6 0.0103385
14 0.00705372
20 0.0134694
20 0.0142303
20 0.00951218
8 0.0145002
20 0.0127789
21 0.00807332
14 0.00800369
6 0.00388067
6 0.00239607
7 0.0038495
14 0.00591611
20 0.00281799
8 0.0100624
5 0.0061292
11 0.0118751
11 0.00757957
11 0.0054502
11 0.00752562
11 0.00977864
24 0.00794495
23 0.010345
11 0.0107813
11 0.00918665
14 0.00635036
14 0.0071187
14 0.00979921
14 0.0123241
7 0.0078092
13 0.00975931
11 0.00794741
23 0.00736577
5 0.00775765
5 0.0128636
13 0.00493056
13 0.00458766
13 0.00176678
23 0.00914968
13 0.00385335
24 0.00653238
24 0.00567813
15 0.00504184
17 0.0115187
10 0.0164117
24 0.00498479
24 0.0071014
13 0.0122267
13 0.00450546
23 0.0108877
5 0.010756
11 0.00715328
24 0.0088843
15 0.00990858
24 0.0113655
10 0.0111713
13 0.00960859
13 0.00824988
16 0.00739455
23 0.00985618
13 0.00337211
24 0.00739023
16 0.0098008
13 0.00642246
24 0.00879726
16 0.00691417
15 0.00561363
24 0.00322894
5 0.00905596
23 0.00813931
23 0.0092433
11 0.00928813
24 0.00800203
24 0.0081183
17 0.0200983
13 0.00576286
23 0.0115972
23 0.0113232
11 0.00708495
11 0.0112366
24 0.00700759
10 0.00903234
23 0.0117117
11 0.00979547
11 0.0080975
21 0.008076
13 0.00731254
21 0.00840163
23 0.0078802
10 0.00940114
10 0.00333839
18 0.0182588
11 0.0100714
23 0.00293513
13 0.0082209
8 0.0127911
16 0.00858986
21 0.00888425
13 0.00537907
13 0.0115528
20 0.0113544
11 0.0104021
11 0.0119941
15 0.00770343
24 0.00544864
21 0.00577264
23 0.0118647
5 0.0163747
23 0.00801991
24 0.00707459
9 0.0153797
16 0.00812058
1 0.0109244
15 0.00944163
7 0.00870511
23 0.00994432
23 0.00759453
14 0.00885244
15 0.00647986
24 0.00736387
23 0.0121325
13 0.00626108
7 0.00701628
14 0.00963707
14 0.00755409
7 0.00798998
16 0.0033574
24 0.00628845
15 0.00856329
23 0.0081623
5 0.00710761
23 0.0162746
20 0.00444736
6 0.0103239
19 0.0108137
8 0.017524
16 0.00998719
11 0.00233124
15 0.0056085
24 0.00572173
24 0.00627405
14 0.00934339
14 0.00495771
14 0.00783764
13 0.00863896
13 0.00587381
7 0.00494755
13 0.00214116
13 0.00589918
13 0.00182811
11 0.0072898
23 0.00663263
23 0.0079161
13 0.00617632
13 0.00348685
13 0.0043727
14 0.00437639
14 0.0065223
14 0.00597332
7 0.00558039
1 0.00686617
6 0.00301717
6 0.00804389
6 0.00963779
6 0.00617475
6 0.0111074
6 0.00218332
14 0.00775692
6 0.0056601
6 0.00430623
6 0.00869235
16 0.00925477
16 0.0107574
22 0.00962031
16 0.0072795
19 0.0138187
19 0.0111087
19 0.0124657
16 0.00403539
14 0.00881424
15 0.0101969
14 0.011544
15 0.0124939
14 0.0104234
14 0.010598
15 0.0127594
15 0.0109745
15 0.012485
15 0.01279
14 0.00903328
13 0.0063138
16 0.00597924
4 0.0152446
16 0.00181568
6 0.012328
1 0.0078876
13 0.00817816
5 0.0129504
23 0.0105083
13 0.00792409
13 0.00987371
23 0.00283692
11 0.00813234
13 0.00842567
11 0.00908711
15 0.0149664
13 0.00986314
11 0.00703155
13 0.00966092
13 0.00869861
13 0.00611632
13 0.0154244
13 0.00572455
23 0.00639853
11 0.00716961
11 0.00629011
22 0.0117101
10 0.01439
13 0.00865545
23 0.0121913
13 0.00886982
13 0.00617111
23 0.011374
16 0.0114061
13 0.0107242
15 0.0114552
20 0.0133325
14 0.00949937
15 0.00649675
8 0.0129794
13 0.00673737
24 0.00910433
13 0.00608245
23 0.0114939
13 0.00842209
20 0.0130112
13 0.00711419
14 0.00967165
13 0.00458156
15 0.00871068
14 0.0105858
7 0.00937048
15 0.0096549
15 0.00887921
15 0.00443694
15 0.0103282
7 0.00702944
15 0.00479215
15 0.00356363
15 0.00723766
10 0.00665447
10 0.00878172
10 0.0107742
15 0.00459954
10 0.0046869
10 0.00697846
10 0.0027453
10 0.0141357
10 0.0104535
22 0.00942141
10 0.00360766
10 0.00582308
10 0.00453029
16 0.006891
15 0.00480573
14 0.0086666
14 0.00922619
