21 0.231279
21 0.271592
9 0.0647872
21 0.21916
21 0.276804
21 0.253027
9 0.115605
9 0.0761311
8 0.146169
8 0.047367
8 0.0490177
8 0.0499068
21 0.133817
21 0.013733
21 0.013525
21 0.0108822
21 0.0109955
21 0.0142538
21 0.013667
21 0.0121689
21 0.0117396
21 0.0117162
21 0.01089
21 0.0150584
21 0.0111726
21 0.0105768
21 0.012949
21 0.0118126
21 0.0143808
21 0.0113754
21 0.0123823
21 0.0119658
21 0.0117678
21 0.0121852
21 0.0152606
21 0.0112716
21 0.0108995
21 0.0109528
21 0.0116008
21 0.0107792
21 0.0114527
21 0.0118425
21 0.0114737
21 0.0114906
21 0.0108952
21 0.0111937
21 0.0126647
21 0.0109357
21 0.0119325
21 0.0113936
21 0.0103008
21 0.0108297
21 0.0116022
21 0.0110312
21 0.0172492
21 0.00954175
21 0.0115678
21 0.0106436
21 0.0109731
21 0.0108731
21 0.0105512
21 0.0104292
21 0.0110144
21 0.0110566
21 0.0101775
21 0.0199521
21 0.00946021
21 0.010928
21 0.0100018
21 0.0114269
21 0.0119143
21 0.011531
21 0.00828109
21 0.00956579
21 0.0103302
21 0.0091101
21 0.012177
21 0.0135421
21 0.00784911
21 0.00751135
21 0.00891831
21 0.0142619
21 0.0191791
21 0.00716739
21 0.0144092
21 0.00794108
21 0.00760492
21 0.00763359
21 0.00764788
21 0.0077296
21 0.00701348
21 0.00651429
21 0.00632793
21 0.00628688
21 0.00720679
21 0.00611674
21 0.0140246
21 0.00591073
21 0.00718361
21 0.0112419
21 0.0101823
21 0.0238115
21 0.00624686
21 0.00701751
21 0.00658988
21 0.00699669
21 0.00721099
21 0.00784145
21 0.0067679
21 0.00723802
21 0.0231877
21 0.0130314
21 0.00690417
21 0.00647176
21 0.00656584
21 0.00735755
21 0.0081538
21 0.00810115
21 0.00803552
21 0.00675687
21 0.00764583
21 0.00783205
21 0.00797863
21 0.00754804
21 0.0100534
21 0.00818966
21 0.00694916
21 0.00675039
21 0.00881599
21 0.00799358
21 0.0074687
21 0.00762771
21 0.00740619
21 0.00842682
21 0.00791322
21 0.00738258
21 0.0112703
21 0.00715412
21 0.00746409
21 0.00761469
21 0.00810093
21 0.00897287
21 0.00770963
21 0.00674718
21 0.0068667
21 0.0114341
21 0.0063692
21 0.00754421
21 0.00687778
21 0.00647678
21 0.0157565
21 0.00855221
21 0.00896955
21 0.00957925
21 0.00890836
21 0.00885903
21 0.00766341
21 0.00815939
21 0.00870402
21 0.00811024
21 0.00832051
21 0.00893387
21 0.00835325
21 0.00821393
21 0.00835739
21 0.00850074
21 0.00811625
21 0.00702124
21 0.00806251
21 0.00665243
21 0.00808163
21 0.0079661
21 0.00739148
21 0.00826196
21 0.00658657
21 0.00930702
21 0.0077494
21 0.0101234
21 0.00917214
21 0.00793992
21 0.00876134
21 0.0161335
21 0.0155492
21 0.0100261
21 0.00876469
21 0.00797613
21 0.0075375
21 0.00873612
21 0.0087872
21 0.0134304
21 0.00972298
21 0.00825817
21 0.00694136
21 0.00667545
21 0.00937217
21 0.0106355
21 0.00651744
21 0.0530703
21 0.0229981
21 0.0132309
21 0.00929978
21 0.00868908
21 0.0071401
21 0.00769281
21 0.0150823
21 0.00770578
21 0.00681501
21 0.0103799
21 0.00968739
21 0.007304
21 0.00825934
21 0.00666944
21 0.00715944
21 0.013461
21 0.0101768
21 0.0104213
21 0.00729498
21 0.00661254
21 0.0129947
21 0.00683955
21 0.00700828
21 0.00811271
21 0.00811298
21 0.00725454
21 0.00805004
21 0.00771494
21 0.00835412
21 0.00774918
21 0.00816111
21 0.00668339
21 0.0138978
21 0.00812399
21 0.00849001
21 0.0107076
21 0.00808397
21 0.0065699
21 0.00844604
21 0.00895845
21 0.00853154
21 0.00816817
21 0.00845583
21 0.00838503
21 0.00757226
21 0.00818804
21 0.0073166
21 0.00794745
21 0.00723302
21 0.00688395
21 0.00790012
21 0.00651341
21 0.00964227
21 0.00855091
21 0.0163502
21 0.0123889
6 0
20 0
7 0.172442
7 0.185514
7 0.171138
11 0.143834
11 0.288644
18 0.166331
18 0.209277
11 0.171592
11 0.0484599
11 0.0331961
11 0.0319588
11 0.096177
11 0.0441294
11 0.0442752
11 0.0606007
11 0.0635582
11 0.0650676
11 0.0416465
18 0.180028
17 0.215782
11 0.0434744
11 0.0235386
11 0.0298173
11 0.0410844
11 0.0584072
18 0.184164
11 0.124399
11 0.079451
11 0.03106
11 0.168779
11 0.100715
11 0.0153321
11 0.0205615
11 0.0791959
11 0.0694112
11 0.0295367
11 0.0675686
11 0.0368136
11 0.0167919
11 0.0284521
11 0.0197493
11 0.0775344
11 0.0892683
11 0.0354858
11 0.0192286
11 0.0172444
11 0.0185132
11 0.0155799
11 0.0246067
11 0.088076
11 0.11999
11 0.0310043
11 0.0372996
11 0.0250695
11 0.0282134
11 0.0155292
11 0.0198937
11 0.0401979
11 0.0309276
11 0.0192819
11 0.0417222
11 0.0174403
11 0.0589004
11 0.0206132
11 0.0185984
11 0.0978818
11 0.169942
11 0.170017
11 0.15436
17 0.179263
11 0.121419
11 0.0930081
11 0.0357479
11 0.0215231
11 0.0405675
11 0.0446332
11 0.0840257
11 0.0408916
11 0.0319131
11 0.0434168
11 0.0270794
11 0.0511243
11 0.026177
11 0.0472208
11 0.0487076
11 0.142545
17 0.0510929
11 0.0288057
11 0.0461533
11 0.0362312
11 0.0358647
11 0.0181095
11 0.0493578
11 0.0462752
11 0.0377057
11 0.0511773
11 0.146703
11 0.0278553
11 0.0355173
11 0.0615465
11 0.041595
11 0.0477695
11 0.0440936
11 0.0374813
11 0.0251087
11 0.0609468
11 0.0385303
11 0.0656545
11 0.0284262
11 0.0507763
11 0.0613129
11 0.0279613
11 0.038495
11 0.0380439
11 0.0249601
11 0.051648
11 0.0588606
11 0.0310445
11 0.0344102
11 0.0528863
11 0.0363636
7 0.154977
11 0.112694
11 0.166286
11 0.0227175
11 0.0317377
11 0.0296752
11 0.0445539
11 0.0304946
11 0.0346738
11 0.0268411
11 0.0316515
11 0.0463372
11 0.040765
7 0.128409
11 0.215386
11 0.0426241
11 0.0225569
11 0.0605602
11 0.0312051
11 0.0451143
11 0.163033
17 0.0789273
11 0.0204249
11 0.044094
11 0.0317065
11 0.0798258
17 0.0531146
11 0.0392045
11 0.043933
11 0.0416474
11 0.0204628
11 0.0488036
11 0.0176786
11 0.0560201
11 0.0333257
11 0.0306803
11 0.160749
11 0.0399786
11 0.0537428
11 0.0252656
11 0.0401956
11 0.103799
11 0.0229632
11 0.0506471
11 0.0319116
11 0.0404307
11 0.0519832
11 0.108998
11 0.0291108
11 0.0467655
11 0.0347103
11 0.0260432
11 0.0437586
11 0.0423265
11 0.0364852
11 0.023312
11 0.0366649
11 0.0463856
11 0.0274268
11 0.0513866
11 0.0283731
11 0.0385268
11 0.0371956
11 0.0447374
5 0.0778821
12 0
3 0.121308
4 0.184048
18 0.245521
7 0.160904
7 0.194507
18 0.0630995
18 0.0804782
18 0.242488
18 0.138736
18 0.089212
26 0.0454625
26 0.0365836
26 0.0302428
26 0.0334105
26 0.0256143
18 0.064748
26 0.033222
26 0.0999936
26 0.0409952
26 0.0314135
26 0.0332145
26 0.12199
26 0.035357
24 0.0379279
24 0.0408434
26 0.0412064
24 0.0357832
26 0.0342981
26 0.033659
24 0.0388174
26 0.0384922
26 0.0417295
24 0.0343231
18 0.12346
7 0.0948747
7 0.082422
24 0.0235785
24 0.0254061
24 0.044722
24 0.0319022
24 0.0190554
26 0.0583564
26 0.0417243
24 0.0417364
26 0.0519741
24 0.0324195
24 0.0397417
26 0.0546272
26 0.0902983
24 0.033156
24 0.0244986
24 0.0353581
24 0.019212
24 0.0362542
26 0.0564514
24 0.0348478
24 0.0186294
24 0.0351942
24 0.0229814
24 0.0242589
18 0.194997
26 0.131052
7 0.0941335
7 0.101618
7 0.106963
26 0.0518511
24 0.0231951
24 0.0390792
24 0.0419886
24 0.0231983
24 0.0472148
26 0.0650985
24 0.0211127
24 0.0377695
24 0.0469763
24 0.023388
24 0.0377559
7 0.103513
24 0.0250236
24 0.0219132
24 0.0296089
24 0.0273285
24 0.0247234
26 0.0530988
24 0.0387377
24 0.018464
24 0.0204444
24 0.0194034
24 0.0208241
24 0.0851693
7 0.0466903
26 0.131315
24 0.0418853
24 0.0206988
24 0.0196421
24 0.0189717
24 0.0188612
24 0.0407316
26 0.0511848
24 0.0210317
24 0.0341512
24 0.0381419
24 0.0206409
24 0.06366
7 0.0657648
24 0.0249578
24 0.0249825
24 0.0455289
24 0.0400515
24 0.0187075
26 0.0461584
24 0.0197238
24 0.0236543
24 0.0407063
24 0.0295271
24 0.0211926
5 0.0778821
2 0.0856829
1 0.130813
23 0.132943
1 0.0642244
23 0.0797651
23 0.0765828
1 0.124325
1 0.0714567
1 0.0758294
1 0.0717445
23 0.120493
23 0.067129
23 0.0610445
23 0.0566708
23 0.0524136
23 0.0509006
23 0.0519302
23 0.0591869
23 0.0577513
1 0.043314
1 0.0558172
1 0.053907
1 0.0541642
1 0.0500392
1 0.0529549
1 0.0510127
1 0.0535587
1 0.0547501
1 0.0469411
1 0.0465243
1 0.0476015
1 0.0473077
1 0.0407503
3 0.121308
7 0.194507
7 0.13735
4 0.0725105
18 0.203685
18 0.179189
18 0.0613591
18 0.061344
26 0.0343056
26 0.0335323
26 0.0431055
26 0.0314038
26 0.0459669
26 0.0248457
26 0.0445239
26 0.0772855
26 0.0788381
24 0.0544234
26 0.0469642
24 0.0608977
24 0.0638567
26 0.0294667
24 0.0616571
26 0.0420024
24 0.0584435
26 0.0720001
18 0.0959408
26 0.0736088
24 0.0607713
26 0.0392956
24 0.0551388
26 0.0616089
26 0.0291331
24 0.0461473
24 0.032409
24 0.0470055
26 0.051974
26 0.0404408
24 0.0486265
24 0.0295383
24 0.0478846
24 0.0365988
24 0.0260509
24 0.0459136
24 0.0236612
24 0.0542201
26 0.150741
7 0.0707356
7 0.0603853
26 0.134466
24 0.0308701
24 0.0350738
24 0.0198772
24 0.0382662
26 0.0362753
24 0.035917
24 0.0105933
24 0.0296794
24 0.0487495
26 0.0756755
24 0.0199966
24 0.0257777
24 0.0211654
26 0.0486037
24 0.0280388
24 0.0279269
24 0.0225183
26 0.137567
7 0.0373459
26 0.0617676
24 0.0200986
24 0.0282184
24 0.022583
26 0.0495535
24 0.0212791
24 0.0267907
24 0.0228834
26 0.0785457
24 0.0253843
24 0.0219001
24 0.0221819
24 0.0309826
26 0.0589498
24 0.0228904
24 0.0307498
24 0.0207095
2 0.0856829
1 0.183099
23 0.0648089
1 0.121908
23 0.037808
23 0.0405021
1 0.084878
1 0.0503452
1 0.0695835
23 0.0277641
23 0.0278534
23 0.0302061
23 0.0323268
23 0.0349587
23 0.0370404
23 0.0385747
23 0.0395169
23 0.0711548
1 0.124852
1 0.0345702
1 0.0313573
1 0.0300416
1 0.0287832
1 0.0267495
1 0.0295661
1 0.0265858
1 0.027302
19 0
7 0.169442
4 0.121155
18 0.0652403
18 0.0704153
26 0.0498855
26 0.0352626
26 0.0204986
26 0.0575287
26 0.038151
26 0.057337
24 0.0689445
26 0.0556581
26 0.0506844
26 0.0504467
26 0.0600252
26 0.0745866
18 0.0967768
26 0.0597728
26 0.0600169
26 0.064799
26 0.0430377
26 0.0584022
24 0.0618869
26 0.0391476
24 0.0558673
24 0.0477277
24 0.0346534
24 0.0612366
24 0.0397404
7 0.103661
26 0.158861
26 0.0873577
24 0.0584909
24 0.0363032
24 0.0315235
24 0.0578552
24 0.0347893
26 0.0314388
24 0.043659
24 0.0342583
24 0.0328653
24 0.0443164
24 0.031551
26 0.0604566
26 0.0891071
24 0.0270081
24 0.0209621
24 0.0209793
24 0.0152455
24 0.0384772
26 0.0405247
24 0.0118787
24 0.0243818
24 0.0450586
24 0.016985
28 0.14766
10 0.225399
1 0.169577
23 0.072602
23 0.105363
1 0.0851447
1 0.0552277
23 0.0774956
23 0.0822009
13 0.0764292
13 0.0702866
13 0.0637348
1 0.10339
1 0.0761016
1 0.0745138
1 0.0718364
1 0.071784
25 0.135818
7 0.0814931
18 0.124347
18 0.0309526
26 0.0401322
26 0.0278652
26 0.0452702
26 0.0548565
26 0.0599044
26 0.0500592
26 0.0654199
26 0.065537
26 0.0981534
26 0.063501
26 0.0450784
26 0.0614126
26 0.0514661
26 0.0465106
24 0.0525546
24 0.0414531
24 0.0527963
26 0.0801475
26 0.112541
24 0.0530775
24 0.0444272
24 0.0546191
24 0.0545095
26 0.0399074
24 0.0476117
24 0.0362945
24 0.0465632
26 0.0592608
24 0.0420058
24 0.0410398
24 0.0278148
24 0.0434068
26 0.0271654
24 0.0351999
24 0.0154687
24 0.0629209
10 0.258991
1 0.159993
1 0.0539294
1 0.0739014
27 0.0151077
27 0.0151096
27 0.0151079
14 0.0510426
7 0.149419
18 0.0461296
26 0.102386
26 0.028898
26 0.0450584
26 0.0450924
24 0.0651569
26 0.0489752
26 0.0634241
26 0.0397502
26 0.0501288
24 0.0179396
24 0.0316835
24 0.0526422
26 0.0521122
26 0.0469979
26 0.043237
26 0.0765593
7 0.0648185
26 0.0516993
24 0.0258793
24 0.0148186
26 0.0425488
24 0.0176314
24 0.0193629
24 0.0144996
26 0.0772109
24 0.0145344
24 0.0229502
24 0.0145007
26 0.0422244
24 0.0144603
24 0.0227846
24 0.0734321
10 0.216442
27 0.0506726
1 0.114928
27 0.0151079
27 0.0151096
27 0.0151077
14 0.107119
7 0.0644888
26 0.131335
26 0.0586498
24 0.0168909
24 0.0325286
24 0.0371588
24 0.0207268
24 0.0202512
24 0.0148785
26 0.062775
24 0.0201646
24 0.0189099
24 0.0149575
26 0.0436288
24 0.0149093
24 0.0196384
24 0.0512269
18 0.0771625
26 0.0903272
26 0.0313942
26 0.0375641
26 0.0480947
26 0.0542458
26 0.0588095
26 0.051353
24 0.0696664
26 0.0702168
26 0.0637192
26 0.0424694
26 0.0272683
26 0.0342182
24 0.0161863
24 0.0186781
28 0.099988
10 0.35142
27 0.0342734
1 0.078022
27 0.015109
27 0.0151093
27 0.0166077
14 0.0620258
7 0.0505696
7 0.0759851
24 0.0498195
24 0.0316039
24 0.0194991
26 0.0441515
24 0.0167676
24 0.0167223
24 0.0190007
26 0.077355
24 0.0165357
24 0.0189283
24 0.0275428
24 0.0487366
24 0.0237812
24 0.0182329
18 0.0754389
18 0.0228302
26 0.042593
26 0.0351999
26 0.0513964
26 0.0222222
24 0.063587
26 0.0464203
24 0.0645199
26 0.074974
24 0.0197559
24 0.0213959
24 0.0196991
26 0.0531246
24 0.0436263
26 0.0544247
28 0.0626205
16 0.154028
23 0.145982
1 0.103718
1 0.0801334
13 0.0434471
13 0.0418287
13 0.0373542
1 0.0520438
1 0.106619
1 0.10595
25 0.135818
7 0.128694
18 0.0342013
26 0.0314697
26 0.0419803
26 0.0190877
26 0.0522842
26 0.0362385
26 0.0339672
26 0.0423961
26 0.0354293
24 0.0103007
24 0.0255209
26 0.0883722
26 0.0484457
24 0.0231128
24 0.0407927
24 0.022343
24 0.0291229
26 0.0571973
24 0.0177909
24 0.0469398
24 0.018173
24 0.0167573
10 0.08483
27 0.0824526
27 0.0151096
27 0.0151077
1 0.155332
23 0.140095
1 0.191394
23 0.188756
13 0.0199971
13 0.0176845
13 0.023723
1 0.159926
1 0.0622072
15 0
7 0.0737369
24 0.0161433
24 0.0313094
26 0.0442112
24 0.0160067
24 0.0179451
26 0.110209
26 0.0731409
26 0.0340144
26 0.0560365
26 0.023611
26 0.040078
26 0.0444373
16 0.154028
13 0.0866661
13 0.0141884
1 0.18958
13 0.033531
13 0.0474431
13 0.0646252
13 0.0886019
13 0.138629
26 0.127035
26 0.0450017
26 0.0281028
26 0.0327769
1 0.195471
1 0.140814
26 0.216575
26 0.0622508
26 0.0259875
26 0.0311843
1 0.174568
26 0.198104
26 0.0425445
26 0.0324388
22 0.0814212
22 0.142707
26 0.0514202
26 0.0314471
24 0.1537
1 0.134542
26 0.0713213
26 0.043869
24 0.0891258
1 0.242689
26 0.0492004
26 0.0315338
22 0.0804654
22 0.149222
26 0.0346588
26 0.028706
1 0.267971
26 0.0310387
26 0.05414
22 0.153407
13 0.230004
26 0.0418814
22 0.0546815
26 0.152561
26 0.160472
1 0.187314
26 0.0421177
22 0.0331784
22 0.0773992
22 0.0641373
22 0.112665
22 0.162988
26 0.172627
22 0.0435294
22 0.133328
22 0.0876712
22 0.0747272
22 0.172471
22 0.0570696
22 0.0675009
22 0.139738
1 0.275636
21 0.262503
