6 0.00186696
14 0.00354972
14 0.00169796
13 0.00145088
15 0.00156085
13 0.00164531
14 0.00337453
13 0.00180972
13 0.00100476
19 0.0023843
13 0.00152864
1 0.0017797
15 0.00120696
1 0.001643
15 0.00148525
7 0.00208207
1 0.00156582
1 0.00122418
1 0.00130181
15 0.00228534
15 0.00180205
20 0.00118988
13 0.00157526
13 0.00136671
13 0.00113143
1 0.00147905
1 0.00149885
15 0.00151112
13 0.00173442
9 0.00149248
9 0.00161522
1 0.000568137
13 0.00109678
1 0.000842859
1 0.00119406
1 0.00121755
1 0.00248783
9 0.00170272
13 0.000790164
14 0.00060572
13 0.00147145
9 0.00152214
7 0.00110324
13 0.000683451
1 0.00164158
9 0.00128883
20 0.00204291
13 0.00128167
13 0.00127935
19 0.00125918
19 0.00103549
15 0.00181685
9 0.00257992
9 0.000279338
9 0.00123066
1 0.000557633
4 0.00152495
1 0.00143956
15 0.00148694
15 0.00298351
15 0.00166938
19 0.00176
9 0.00145869
16 0.00255822
15 0.00168728
14 0.00214986
10 0.00223185
19 0.00219059
1 0.00071714
14 0.00127467
1 0.00148274
1 0.000838172
1 0.00133803
1 0.00080712
6 0.000677353
19 0.00116624
19 0.00164922
1 0.00108704
9 0.00167278
13 0.0012595
19 0.00246276
15 0.0020862
6 0.000977217
13 0.00117759
1 0.00112376
15 0.0017363
9 0.00214799
9 0.00133137
19 0.00132655
15 0.00298842
8 0.00257526
15 0.0015381
19 0.00213257
13 0.00137184
7 0.00172218
19 0.00149752
8 0.000513934
8 0.00126179
19 0.0011329
18 0.00152469
9 0.000585208
19 0.000878826
14 0.00113232
9 0.00112605
13 0.00150274
13 0.000981741
15 0.00148964
8 0.00348957
13 0.000479237
6 0.00156016
7 0.00251786
13 0.00208115
1 0.00116472
13 0.00154721
9 0.00112369
9 0.00148727
1 0.00178433
14 0.00106847
20 0.00171605
19 0.00193231
19 0.00141276
15 0.000378007
14 0.00118191
1 0.00143297
1 0.00107928
19 0.00112051
13 0.00150764
19 0.00244028
13 0.00167555
14 0.00165329
13 0.00130172
9 0.001405
9 0.00159619
8 0.0016055
1 0.00118466
1 0.00152975
13 0.00213207
1 0.00177401
8 0.00162608
14 0.00206808
19 0.00336224
15 0.00300928
13 0.00142331
9 0.000805502
1 0.00133923
9 0.000524032
13 0.00129713
7 0.00178933
7 0.00216428
15 0.00118945
1 0.000885052
15 0.00160926
19 0.00137164
14 0.0013342
7 0.00213084
9 0.00188979
9 0.000482659
14 0.00269516
7 0.00297116
6 0.00263535
13 0.000858885
9 0.000936236
6 0.00139792
5 0.00307399
18 0.00188668
6 0.00291628
1 0.00203862
1 0.00160107
1 0.00190387
1 0.00222979
20 0.0018812
9 0.00118232
14 0.0020285
9 0.00197608
6 0.00208768
14 0.00188107
13 0.000614337
13 0.00115361
9 0.00202677
14 0.00207689
13 0.00151856
1 0.00130012
1 0.00148662
1 0.00152354
1 0.000981122
16 0.00280762
13 0.00207456
13 0.00107353
15 0.00128407
13 0.00113075
1 0.000666917
6 0.0017964
13 0.000368256
14 0.00129581
13 0.00100413
15 0.00185328
19 0.00117878
15 0.00110336
18 0.00166401
8 0.00104648
8 0.000942289
8 0.00182628
8 0.00171684
19 0.0011138
1 0.0015438
4 0.0017481
8 0.000822481
4 0.000856718
4 0.00123422
19 0.00136642
1 0.00156351
13 0.000682077
6 0.00127187
6 0.00198973
15 0.000900033
8 0.00197691
4 0.00455336
18 0.00257671
13 0.00143899
13 0.00203016
1 0.00133783
9 0.000313556
1 0.000762993
15 0.00150984
19 0.00160053
18 0.00195996
13 0.00135794
20 0.00193524
1 0.00104866
9 0.00148675
13 0.000519676
13 0.00186543
15 0.00117244
9 0.00158523
15 0.00122782
15 0.00133025
8 0.00172809
19 0.00142406
15 0.00159658
13 0.00161056
1 0.00165084
9 0.00172973
1 0.00168927
1 0.000734537
13 0.0015381
13 0.001677
13 0.00067591
1 0.000941994
6 0.00367625
14 0.00192815
6 0.00152111
1 0.00216834
18 0.0016003
13 0.00290625
6 0.00119282
6 0.00187879
16 0.0028659
9 0.00288431
6 0.00118517
9 0.00111851
6 0.00188967
20 0.00148711
9 0.00156703
1 0.00159807
13 0.000419391
6 0.000819072
9 0.000646924
6 0.00168814
9 0.00146216
1 0.00126861
8 0.00230263
19 0.000919518
1 0.0013356
13 0.00044992
13 0.001129
1 0.00199378
9 0.00269398
20 0.00162669
13 0.000576722
8 0.00162887
9 0.00155337
15 0.000432089
19 0.000498749
13 0.000760607
13 0.0015194
19 0.00049612
9 0.000650434
9 0.000919197
14 0.00191322
9 0.00120894
15 0.00140451
1 0.00185056
8 0.000595417
9 0.00156283
14 0.00236431
8 0.00130074
20 0.00148242
6 0.0018604
19 0.00140349
8 0.000535386
15 0.00046914
19 0.00194687
15 0.00166858
8 0.00114356
9 0.00138743
1 0.000870575
8 0.00121374
13 0.0016834
13 0.000728991
9 0.00135556
9 0.000801846
20 0.00162591
13 0.00164028
13 0.00164428
6 0.000972842
6 0.00194862
1 0.00189105
15 0.000803032
9 0.00190637
14 0.00106468
13 0.00138221
1 0.00066051
19 0.00101377
1 0.000828996
8 0.000670307
6 0.00158837
10 0.00179281
9 0.000926961
3 0.00249433
3 0.00249433
1 0.00139733
1 0.00267697
18 0.00223731
15 0.00122729
9 0.00085353
8 0.00176698
19 0.00116931
13 0.00173816
15 0.00092452
1 0.000499597
9 0.00142245
9 0.000845102
7 0.00320434
7 0.0016329
20 0.0023218
1 0.000783953
1 0.00103843
1 0.000945465
9 0.000848759
9 0.00219555
6 0.00116548
6 0.00133973
1 0.0012994
1 0.0012286
8 0.00083397
19 0.000827591
1 0.000898546
14 0.00209196
19 0.000621799
15 0.00160349
19 0.000475383
6 0.00339256
9 0.00179801
1 0.00150147
7 0.00318587
7 0.0011681
1 0.00159058
13 0.00140344
7 0.00330429
18 0.000566978
18 0.00155582
1 0.00197064
14 0.00124027
14 0.00125162
7 0.0021116
14 0.000872498
15 0.0018912
8 0.000691162
14 0.00147542
6 0.000678215
7 0.00255916
9 0.00131856
1 0.00130297
9 0.00114472
1 0.00164326
13 0.00184857
9 0.00181897
1 0.00169225
15 0.00214176
1 0.00251085
6 0.0026731
15 0.00120467
13 0.000949699
15 0.000972344
9 0.000911795
6 0.00138411
13 0.00232541
13 0.00245949
13 0.000978572
1 0.00133391
13 0.00151952
8 0.0015785
9 0.00174168
15 0.000376804
1 0.000991571
9 0.00263362
15 0.00123455
1 0.00183294
13 0.00151993
1 0.00172631
9 0.00211387
6 0.00363573
1 0.0019148
13 0.00190796
7 0.00164969
9 0.00162012
13 0.00186202
6 0.0011708
9 0.0017729
18 0.00215436
15 0.000679631
15 0.00164067
20 0.00218473
14 0.00123869
14 0.00190998
1 0.00164824
1 0.0012047
6 0.001378
15 0.00196805
15 0.00255299
1 0.00148915
15 0.00162064
19 0.0021661
14 0.00266451
20 0.00159361
1 0.00235771
9 0.00364172
13 0.00106946
6 0.00175428
7 0.0015862
15 0.00146391
15 0.00161725
9 0.00121592
1 0.000602667
8 0.00113143
8 0.0018291
18 0.00215911
8 0.00258046
9 0.0011015
1 0.00135157
1 0.00167216
6 0.00131871
15 0.000539072
1 0.00124032
1 0.00173788
1 0.00073622
19 0.000438651
13 0.00159159
1 0.00145467
13 0.00181564
9 0.00182203
14 0.00179778
6 0.00272178
13 0.00119735
14 0.00262888
1 0.00141418
9 0.00142626
6 0.00156707
1 0.00089778
9 0.000449009
19 0.000618413
15 0.00231543
9 0.00175613
13 0.00148197
15 0.00202841
1 0.00144295
5 0.00259595
9 0.00103307
9 0.00142758
9 0.0011419
13 0.00193774
8 0.0014924
13 0.00141606
19 0.00154623
19 0.0014815
15 0.00171425
1 0.00185289
8 0.000560199
18 0.00205977
8 0.00161989
18 0.00151018
15 0.000911238
8 0.0023395
13 0.00207285
4 0.00221648
8 0.00123001
15 0.000479709
9 0.00171973
13 0.000706502
13 0.000660133
13 0.00202263
19 0.00125762
15 0.00209313
14 0.00252759
15 0.00162947
6 0.00167384
13 0.00188794
13 0.00118958
15 0.00159491
15 0.00124434
6 0.00227132
13 0.00169682
6 0.00163455
1 0.00181183
1 0.00117026
15 0.00146549
1 0.00196985
13 0.00106459
9 0.00142047
13 0.000390965
13 0.00171167
1 0.00300945
13 0.00193543
15 0.00265483
20 0.00274604
8 0.00193103
18 0.00211005
20 0.00100119
6 0.000900123
14 0.00258671
6 0.0010947
7 0.00243766
14 0.00160953
14 0.00231903
6 0.00156265
1 0.00107139
13 0.00104534
6 0.00219915
13 0.000916555
19 0.000462691
9 0.00142806
6 0.00127423
13 0.000800869
9 0.00164024
6 0.00153503
13 0.00172035
1 0.0016416
15 0.0014819
1 0.000687026
1 0.00241784
11 0.0023501
9 0.00119098
13 0.000919592
1 0.00177426
6 0.00191361
15 0.00125718
13 0.000782434
15 0.00223516
19 0.00149288
15 0.000678672
13 0.00130277
13 0.00109037
16 0.00521653
9 0.00111335
15 0.00121964
13 0.00157826
14 0.00295882
9 0.0016506
8 0.00219802
1 0.00104873
19 0.00164741
6 0.00152244
6 0.00188631
1 0.000561861
13 0.000644445
15 0.00139689
15 0.00179297
13 0.000994945
6 0.000762904
8 0.00194908
1 0.00109787
1 0.00219878
1 0.00178389
19 0.00180593
19 0.00184716
19 0.00119305
13 0.00171941
1 0.00130136
4 0.000791338
4 0.0015429
4 0.00117671
4 0.00178172
4 0.00128401
4 0.0019958
4 0.00210623
4 0.00222556
4 0.000966169
18 0.00157237
8 0.000294687
9 0.00131782
6 0.00139379
19 0.00137007
13 0.000519976
13 0.000638499
15 0.00180595
1 0.000797253
19 0.00154892
1 0.000566821
20 0.0020345
9 0.00181336
9 0.00206906
13 0.00200833
9 0.00210969
6 0.00144196
13 0.00261959
5 0.00299472
1 0.00196319
17 0
7 0.000927257
14 0.00110271
15 0.000846587
6 0.00223869
7 0.00276435
19 0.00250929
15 0.00231507
13 0.000642487
8 0.00123947
15 0.00152285
20 0.00188006
15 0.000592215
19 0.00174646
13 0.000955112
15 0.00101422
20 0.00175248
6 0.00198588
1 0.00191336
9 0.00184007
6 0.000703248
14 0.00321744
18 0.00403542
1 0.00435304
16 0.00212937
1 0.00101811
1 0.00126002
9 0.00141441
10 0.00373677
1 0.00142043
19 0.00115565
15 0.00182705
15 0.000953799
6 0.00219207
14 0.00126561
9 0.000823462
1 0.00166769
15 0.00184658
6 0.00320118
15 0.000637332
6 0.00147867
15 0.00158124
1 0.0016775
1 0.00120324
1 0.00214249
15 0.00146638
9 0.00139661
9 0.000314144
13 0.00195595
1 0.00119193
10 0.0030201
16 0.00317035
10 0.00262899
16 0.00297342
12 0.00132805
11 0.0023501
2 0.00190655
5 0.0021891
7 0.00357745
10 0.00158341
14 0.00309706
7 0.00130803
1 0.00155103
9 0.000885591
16 0.00140333
16 0.00176591
13 0.00157626
1 0.00162836
13 0.00191422
8 0.00129268
19 0.00189758
18 0.00205259
1 0.00116774
1 0.00157054
13 0.00104714
4 0.00193852
4 0.00165842
4 0.000353779
4 0.000899764
4 0.0013112
4 0.00113892
18 0.00171119
6 0.00206467
5 0.00213461
16 0.00385715
9 0.00176695
4 0.00243161
4 0.00237057
4 0.0034552
4 0.00280833
9 0.00240478
12 0.00132805
2 0.00190655
5 0.0020905
14 0.00279707
16 0.0023245
10 0.00331672
14 0.00203285
14 0.00182319
6 0.00220206
6 0.00183503
14 0.00266358
13 0.00210966
13 0.00291728
15 0.0020729
13 0.00125841
15 0.00237632
15 0.00250087
6 0.00161949
19 0.00184039
15 0.000897556
14 0.00261921
16 0.00172325
1 0.00141728
19 0.0014015
6 0.00170615
13 0.000428986
1 0.00163789
9 0.00127492
6 0.00235943
6 0.0025883
15 0.00231581
9 0.00245424
1 0.00225405
13 0.000981901
15 0.00115243
15 0.00133032
6 0.00210124
15 0.00152438
7 0.00264044
16 0.00245851
1 0.000524135
6 0.00164464
13 0.000648637
8 0.00171077
1 0.00146963
9 0.00149541
13 0.000863236
9 0.00202999
19 0.00171541
6 0.000833692
14 0.00180682
6 0.0016023
1 0.00170787
15 0.00115299
13 0.00080442
9 0.0017421
9 0.00165645
9 0.00175627
19 0.000825038
14 0.0031456
4 0.00177551
18 0.00218061
1 0.00120215
8 0.00084582
8 0.00112579
15 0.00116108
19 0.000532945
18 0.00169837
19 0.00136253
19 0.0017979
8 0.00118237
8 0.00132446
8 0.00141292
18 0.00200338
4 0.0021356
8 0.00102152
19 0.00116513
19 0.00168938
8 0.00103164
19 0.00108333
15 0.00109021
8 0.000638022
19 0.000700045
9 0.00186067
1 0.00174771
13 0.000346857
13 0.00226846
13 0.00145207
7 0.00207589
19 0.00153897
19 0.00146465
15 0.000481064
1 0.00151202
13 0.00144543
1 0.000602111
18 0.00207242
19 0.00134831
9 0.0010096
6 0.00204923
13 0.00148367
13 0.00109813
1 0.00236125
1 0.00218464
7 0.00205868
13 0.00062878
19 0.00143908
6 0.00267128
1 0.000949353
1 0.0017867
14 0.00186356
1 0.000868735
19 0.0014532
18 0.00181686
19 0.00202185
6 0.00204443
6 0.00201587
9 0.00146814
15 0.00153302
15 0.00100149
15 0.00159389
1 0.00129719
9 0.00142334
1 0.00190237
15 0.00144502
13 0.00177996
1 0.0017551
1 0.00218897
9 0.000575577
20 0.00170821
13 0.00166797
9 0.000942233
13 0.00116648
14 0.00329783
6 0.00297798
9 0.000569158
13 0.000736803
1 0.00201656
6 0.000988958
1 0.00149943
14 0.00271887
15 0.00163172
19 0.00328166
19 0.00237344
13 0.00144955
6 0.00179053
14 0.00340803
9 0.00218414
6 0.00145876
8 0.00149183
8 0.00186043
8 0.00160269
15 0.00204828
8 0.00225961
1 0.00262578
20 0.000428095
1 0.000693293
9 0.001858
20 0.00094064
19 0.0019473
18 0.00156323
6 0.00532214
20 0.000697625
19 0.00405404
20 0.00345824
18 0.00114054
8 0.00118578
8 0.0019774
18 0.00100608
9 0.00103766
15 0.00126372
8 0.000782996
18 0.0029867
8 0.00318319
9 0.00281905
20 0.00418986
18 0.00285598
19 0.0025146
19 0.00202065
18 0.00080376
18 0.00234594
15 0.00232221
20 0.00144498
9 0.00205099
15 0.000938277
1 0.00148577
13 0.0010312
6 0.0018385
1 0.000913282
6 0.00120979
6 0.00338237
1 0.00128367
20 0.00293825
20 0.001157
20 0.00167392
20 0.000629327
20 0.00338683
20 0.00169977
9 0.00369526
20 0.00243187
20 0.00287973
15 0.00310664
20 0.00174056
20 0.00160275
20 0.00147377
20 0.00175813
20 0.00403193
19 0.00345704
20 0.00183167
20 0.00281105
20 0.00190505
9 0.003388
20 0.00110011
20 0.00154434
20 0.0011011
20 0.000802811
20 0.000788455
20 0.00161029
9 0.000840553
20 0.00130977
1 0.00170378
1 0.0025402
20 0.00075221
20 0.00155832
6 0.00118558
15 0.00240543
20 0.00137362
20 0.000654613
9 0.00204397
8 0.00113096
20 0.00133611
9 0.00246844
20 0.00207393
20 0.000725307
1 0.00184905
9 0.00156574
13 0.00148644
1 0.00195701
20 0.00161444
9 0.00146835
1 0.00134021
15 0.00197796
20 0.00304243
20 0.000317679
9 0.00156806
9 0.00241582
19 0.00296616
20 0.0010943
9 0.00227086
15 0.00299653
9 0.00249759
9 0.000729735
15 0.00249628
20 0.00156798
20 0.00156206
1 0.00273361
20 0.00048085
1 0.00218849
1 0.001976
19 0.00211213
15 0.00233116
1 0.002514
15 0.00185815
1 0.00209097
1 0.00224656
1 0.00290907
15 0.00214934
19 0.00221538
20 0.00137578
15 0.00241738
19 0.00256481
15 0.00327746
9 0.00165304
20 0.00107405
20 0.00153816
6 0.00236328
9 0.0016316
6 0.00182798
20 0.00136349
15 0.00290591
20 0.000328578
20 0.000981919
9 0.00257645
7 0.00195836
14 0.00207051
9 0.00235667
15 0.00107676
15 0.00148929
19 0.00184482
15 0.0013836
15 0.000633004
9 0.000686431
15 0.000741239
