4 0
8 0.0103497
6 0.00603502
30 0.00364514
12 0.00431127
6 0.00379204
1 0.0139648
29 0.00487851
27 0.00675456
16 0.00390814
9 0.00520178
22 0.00347771
15 0.00861188
26 0.00304897
6 0.00810251
14 0.00765659
9 0.00588266
21 0.00321258
24 0.00324624
23 0.00389916
1 0.00204916
3 0.00464598
15 0.0102049
15 0.00816063
23 0.00545702
22 0.00609189
22 0.00402698
26 0.00768775
14 0.00630539
20 0.00422333
17 0.00489309
8 0.00591473
23 0.00360609
3 0.00287854
9 0.00480421
15 0.00647912
15 0.00461843
15 0.00860365
25 0.00422443
3 0.00267374
8 0.00467848
24 0.00363841
1 0.0139766
1 0.003035
6 0.00311699
15 0.0122251
15 0.00302627
23 0.0038332
12 0.00691467
3 0.00520504
23 0.00502264
6 0.0085726
24 0.00781009
7 0.0075788
30 0.00311481
16 0.00840753
24 0.00751619
8 0.00254145
14 0.00258038
17 0.00537784
23 0.00277092
20 0.0124996
23 0.00352076
22 0.00330584
27 0.0066212
12 0.00371685
23 0.00474539
7 0.0062509
14 0.0058887
24 0.00616433
7 0.0135033
21 0.0051922
24 0.00563286
14 0.00637617
20 0.00558482
23 0.00487377
15 0.00641225
24 0.00254786
27 0.0038652
26 0.00207368
26 0.00274392
22 0.00298403
10 0.00387223
19 0.00314399
19 0.00287938
20 0.00462992
9 0.00560188
17 0.00719937
7 0.00757447
6 0.00425184
7 0.0109685
8 0.0025459
21 0.00295389
26 0.00275211
21 0.00876946
1 0.0101703
7 0.00407303
21 0.00433014
6 0.00260025
24 0.00233582
19 0.00429391
5 0.00511729
8 0.006397
1 0.0114155
28 0.00387719
18 0.00414892
3 0.00594268
14 0.00558908
20 0.0131993
7 0.00622749
23 0.0036095
18 0.00497645
24 0.0033908
24 0.00612349
3 0.00545733
24 0.00272752
8 0.00716658
8 0.00792858
26 0.00271442
15 0.00797454
6 0.00239181
10 0.0058314
19 0.0041322
15 0.0101812
5 0.00333905
15 0.00660714
15 0.00850317
7 0.00476608
16 0.00488411
28 0.0077917
9 0.00473394
21 0.00397089
16 0.00279768
29 0.00448053
30 0.00302101
8 0.00790167
23 0.0027203
3 0.00501711
27 0.00239173
22 0.00688172
29 0.00707912
22 0.00324539
20 0.00710012
21 0.00503568
15 0.00752671
5 0.00719079
5 0.0036517
23 0.00384617
1 0.00348461
24 0.00431898
18 0.00828061
8 0.00694191
23 0.00502142
7 0.00673023
21 0.00840627
18 0.0046541
24 0.00345414
3 0.00709316
24 0.00484899
16 0.00287501
24 0.00637244
24 0.00540718
3 0.00443355
18 0.00423018
8 0.00338005
8 0.00779882
8 0.00779532
24 0.00305446
8 0.00201376
20 0.00194485
26 0.00314753
5 0.00409502
3 0.00152816
8 0.00172791
14 0.00145919
9 0.000982394
29 0.000644787
27 0.00139052
7 0.00333323
12 0.00775603
23 0.00455685
21 0.00550907
14 0.00116735
3 0.00171249
20 0.00250909
21 0.00164908
17 0.00139617
18 0.00255782
16 0.00787194
8 0.0072696
7 0.00702473
3 0.00208743
9 0.00299212
20 0.00189779
23 0.0034639
9 0.00392254
24 0.00150451
26 0.00889784
8 0.00864149
6 0.00362915
29 0.00396405
14 0.00995391
3 0.00754124
27 0.00535172
7 0.0120137
27 0.00360239
12 0.00243307
20 0.0025158
12 0.0024316
30 0.000923264
18 0.00273534
7 0.00554952
22 0.00780308
22 0.0032205
20 0.00176761
22 0.00226872
23 0.00246247
22 0.00163066
27 0.00114912
8 0.0021878
14 0.00205654
8 0.00173463
8 0.00173327
21 0.00116535
14 0.00519109
21 0.00307884
10 0.0040242
5 0.00736461
26 0.00775802
20 0.00190096
29 0.00307465
14 0.00145722
3 0.0020879
9 0.00297982
12 0.0018231
7 0.00631226
23 0.00282394
16 0.00121378
7 0.00299877
9 0.00377987
23 0.00667526
6 0.00212232
22 0.00633968
3 0.00592785
12 0.00244194
24 0.00183718
30 0.00141517
8 0.00319431
20 0.00296882
14 0.00117559
17 0.00210034
18 0.00229873
23 0.00282623
29 0.00306564
3 0.00102535
19 0.00180647
15 0.00976757
24 0.00352919
7 0.00987099
21 0.00576934
23 0.0036864
22 0.0022437
30 0.00246197
18 0.00188951
7 0.00560326
20 0.00621967
20 0.00586345
3 0.00503054
3 0.00418631
14 0.00638388
20 0.00934478
20 0.00679567
18 0.00981579
22 0.00218509
20 0.00348451
12 0.00337178
22 0.0016562
7 0.0133557
20 0.00282579
7 0.00559655
21 0.00162659
26 0.00184401
8 0.00174373
15 0.00781848
14 0.00566262
27 0.0048395
21 0.00540048
20 0.00794974
8 0.00176131
19 0.00103581
15 0.00780473
5 0.00246759
17 0.00641359
23 0.00171422
22 0.00777566
6 0.00693176
16 0.00445294
23 0.00282841
25 0.00183103
29 0.00318744
17 0.00266089
20 0.00190507
6 0.00213565
21 0.00772958
30 0.00738228
18 0.00230963
22 0.00194756
12 0.00395002
22 0.00193412
9 0.00332714
17 0.00544755
8 0.00175664
3 0.00172089
9 0.00338692
29 0.00428568
28 0.00168742
14 0.00117852
7 0.00556402
10 0.00103257
5 0.00187135
5 0.00247494
7 0.0096738
18 0.00220466
22 0.00190401
23 0.0025333
22 0.00622635
8 0.00590736
7 0.00707693
8 0.000774264
3 0.00209366
18 0.0023193
12 0.000631487
21 0.00347393
18 0.00191058
22 0.00190465
27 0.00220196
3 0.0020995
23 0.00162861
18 0.00384271
14 0.00145912
16 0.00236257
20 0.00488355
7 0.00567105
7 0.00499542
16 0.00198438
23 0.0028405
12 0.00192754
20 0.00467229
21 0.00254862
8 0.000799131
3 0.00210268
26 0.00186535
26 0.00249452
8 0.0010931
21 0.00117895
23 0.00413122
7 0.0113313
18 0.00689407
24 0.00715355
23 0.00284959
12 0.00157986
26 0.00347055
15 0.004475
15 0.00644731
10 0.0135662
5 0.00247023
15 0.00837879
14 0.00144514
14 0.00117806
8 0.00805141
9 0.00950756
21 0.00167074
16 0.00261301
9 0.00325879
29 0.000496428
29 0.00309522
28 0.00169641
22 0.00343116
9 0.00377785
14 0.0065069
21 0.00167094
12 0.0027008
6 0.00141607
8 0.00179381
20 0.0019566
18 0.00296921
8 0.0017686
9 0.00518226
29 0.0045947
3 0.00153902
24 0.00185985
9 0.00990049
20 0.00625052
15 0.00976985
15 0.00780867
23 0.00587075
23 0.00864913
22 0.00231079
18 0.00183286
12 0.00213686
27 0.000514586
20 0.00173162
14 0.00306915
24 0.00727187
24 0.00716168
5 0.00578838
26 0.00615999
15 0.00783093
26 0.00767234
26 0.00488981
15 0.00783713
12 0.00123869
21 0.00293473
20 0.002562
12 0.00609656
14 0.00280543
14 0.00414052
18 0.00317453
18 0.00262222
14 0.00377125
16 0.00468848
3 0.00589432
7 0.0124451
21 0.00251161
30 0.0019706
20 0.00308919
12 0.00308761
23 0.00253321
22 0.00374022
3 0.00300303
3 0.00287579
15 0.00282725
8 0.00752638
8 0.00718941
21 0.00920014
18 0.00374096
7 0.00273542
23 0.00744933
3 0.00731588
23 0.0042601
21 0.00714733
27 0.00735361
26 0.00716713
5 0.00362713
15 0.00223398
15 0.00380566
15 0.0028311
20 0.00934012
18 0.00231888
8 0.00175423
27 0.000616601
24 0.0018692
28 0.000717282
30 0.00145244
22 0.0019593
7 0.0102049
9 0.00329725
29 0.00365663
28 0.00169812
29 0.00310594
22 0.00160844
17 0.00264226
8 0.0027757
29 0.000499393
28 0.00170572
29 0.00310483
29 0.00179998
23 0.00450011
21 0.00651238
27 0.00191652
26 0.00187125
25 0.000684505
29 0.00310549
29 0.00310519
28 0.000766119
15 0.00713269
23 0.00465854
7 0.00368455
7 0.0116366
22 0.00189278
23 0.00269489
12 0.00592341
24 0.00594445
18 0.00231446
24 0.00187034
24 0.00615706
23 0.00710568
5 0.00320111
14 0.0065827
15 0.00785568
20 0.00190505
18 0.00477011
21 0.0104818
21 0.00167249
8 0.0017556
26 0.00186023
21 0.00116752
18 0.00190991
7 0.00562239
20 0.00413531
20 0.00346809
7 0.00710016
7 0.00712294
7 0.00557436
6 0.00216203
18 0.00304585
22 0.00165817
23 0.00393123
22 0.00339985
30 0.00112059
7 0.00467816
20 0.00280285
21 0.00250987
7 0.00461825
8 0.00176391
26 0.00186054
15 0.00783909
14 0.00118586
14 0.00225984
21 0.00142265
20 0.00404702
27 0.0052295
26 0.00185745
15 0.00704455
8 0.00140149
27 0.000616246
18 0.0038739
25 0.000686198
14 0.00118937
19 0.00183208
15 0.00977316
7 0.0104572
29 0.00185126
26 0.00348109
5 0.00246757
15 0.00641789
15 0.0083703
26 0.00846571
23 0.00171949
1 0.00600621
18 0.00233073
7 0.00711099
29 0.0016724
29 0.00460122
25 0.00499449
28 0.00171209
29 0.00311506
6 0.00115059
3 0.00168724
20 0.0023614
1 0.00808849
9 0.00342107
29 0.00443771
29 0.00460719
28 0.00191657
18 0.00231477
16 0.00287486
29 0.00310265
9 0.0037126
29 0.00453236
12 0.00211077
7 0.00712108
20 0.00161381
27 0.00508351
15 0.00271937
8 0.00699531
14 0.00725458
12 0.00130742
22 0.0018924
20 0.00312902
21 0.00738566
23 0.00729419
12 0.00158036
12 0.00248538
20 0.00479092
15 0.00277413
10 0.0068218
5 0.0112065
5 0.00244338
19 0.00101078
5 0.00278742
27 0.00408365
20 0.00707828
7 0.00733105
20 0.00343198
22 0.002535
17 0.00139158
20 0.00221551
7 0.00853529
30 0.00206134
7 0.00561845
20 0.00248378
12 0.00209065
24 0.00123075
14 0.00378577
23 0.00172412
18 0.00216089
3 0.00121267
6 0.00174084
18 0.00513132
20 0.00506602
21 0.00398316
6 0.00316796
7 0.0115129
21 0.00666212
23 0.00337798
12 0.00637441
27 0.00079027
14 0.00118763
27 0.000615269
8 0.00175957
26 0.00186604
12 0.00112136
24 0.00319333
7 0.00563076
23 0.00162747
18 0.00386449
5 0.00244017
15 0.0104397
27 0.00293919
20 0.00190115
30 0.00162403
19 0.00260113
5 0.0024543
19 0.0010295
9 0.00224354
23 0.00243267
15 0.00975633
19 0.00102709
23 0.00285893
17 0.00204539
27 0.0019162
8 0.000773423
8 0.00178983
8 0.00176246
27 0.000614941
16 0.00136106
6 0.00708428
1 0.0079694
12 0.00157957
30 0.00146326
20 0.0107033
9 0.00324782
29 0.00183371
28 0.00172127
20 0.00190076
20 0.00249511
7 0.00669999
9 0.003284
24 0.00341237
30 0.00288427
6 0.00808739
22 0.00197405
9 0.00294774
3 0.00212308
29 0.00312443
25 0.00578143
17 0.00406827
29 0.00312591
29 0.00312472
28 0.000713899
19 0.00152102
26 0.0069687
26 0.00556324
22 0.00127042
18 0.00327024
7 0.00277322
23 0.00539724
23 0.00591961
24 0.00273211
20 0.00631726
26 0.00201558
22 0.00188498
3 0.00207095
3 0.00211831
20 0.00527051
24 0.00430733
24 0.00188876
18 0.0038795
3 0.00121187
24 0.00187751
7 0.0094128
15 0.00643106
26 0.00838808
24 0.00448417
26 0.00190491
22 0.00195913
18 0.00278933
12 0.00529905
27 0.000614414
14 0.00119063
27 0.00061526
7 0.00818757
22 0.00410514
23 0.00224775
12 0.0031674
27 0.000869486
23 0.00543595
23 0.00172739
23 0.00145076
14 0.00146519
29 0.00281595
3 0.00534764
7 0.00418956
7 0.00561216
16 0.00200268
23 0.00283056
22 0.0019775
18 0.001925
12 0.0020911
26 0.00163643
3 0.00213337
8 0.000772105
8 0.00177273
26 0.000670267
21 0.00300644
18 0.00126265
24 0.00272946
22 0.00105555
30 0.00154058
8 0.00181872
18 0.00758933
23 0.00531824
24 0.00704023
29 0.00421162
22 0.00193123
8 0.00211165
7 0.00714774
3 0.00467741
23 0.0017803
17 0.00485792
23 0.00289632
7 0.0103084
7 0.0035194
25 0.00610855
18 0.00388512
14 0.00146226
7 0.00820946
7 0.00456474
28 0.00179439
18 0.00234863
18 0.00236671
15 0.00837315
8 0.00364471
27 0.00240768
14 0.00528824
30 0.00523196
9 0.002961
29 0.00315101
29 0.00316681
28 0.000824645
27 0.00515036
24 0.00565901
14 0.00270887
27 0.00583433
14 0.00722206
15 0.00835653
20 0.00197041
22 0.00197112
9 0.00244378
24 0.0080117
29 0.00457347
1 0.0043805
9 0.00156467
29 0.000957379
29 0.005267
28 0.00179421
20 0.00316914
7 0.00476132
25 0.00165726
16 0.0019653
18 0.00330321
18 0.00114157
17 0.00149759
7 0.0106724
7 0.00590859
21 0.00398234
7 0.00343361
17 0.00415575
7 0.00718445
22 0.00269443
21 0.00174306
7 0.0106879
18 0.00428011
24 0.00663661
24 0.00250008
7 0.0036765
8 0.00727366
30 0.00558639
20 0.00193284
6 0.00130179
9 0.00198991
9 0.00293854
29 0.00535065
12 0.00399636
7 0.00711294
7 0.00969355
7 0.00315246
7 0.00933577
18 0.00261923
7 0.00716505
12 0.0016154
6 0.00226484
29 0.00326944
29 0.00418489
17 0.00824829
16 0.00116596
17 0.00882631
30 0.00239918
9 0.00379965
17 0.000668971
25 0.00192843
11 0
12 0.00202031
13 0.000370317
19 0.00119395
14 0.000978997
13 0.000370317
9 0.00296347
17 0.00902811
7 0.00356098
15 0.0074322
29 0.00315995
9 0.00296017
17 0.00206996
9 0.00196721
29 0.00365431
14 0.00554261
20 0.00193516
17 0.00614135
18 0.00690315
7 0.007131
29 0.00316894
9 0.0049006
17 0.00067174
21 0.0104358
12 0.00228857
17 0.000753249
20 0.00708942
21 0.0040614
7 0.0102213
3 0.00127063
16 0.002953
9 0.00382405
6 0.00663478
3 0.00218203
24 0.00194365
17 0.00557833
22 0.0016655
17 0.00106808
16 0.00743229
26 0.0019086
15 0.00783783
20 0.0015087
17 0.00309663
14 0.00144885
29 0.00316216
28 0.00105093
9 0.00335693
29 0.00380481
25 0.00191717
25 0.00192557
14 0.00153579
19 0.00187826
15 0.00782221
16 0.00144847
21 0.00292209
7 0.0116503
12 0.00648741
22 0.00325495
7 0.00608184
6 0.00165219
16 0.00128873
16 0.00147705
7 0.00941431
7 0.00130497
22 0.00662807
22 0.0020412
9 0.00270386
23 0.00265505
12 0.00252558
12 0.00204333
23 0.00190222
23 0.00290411
20 0.00193338
14 0.00726399
23 0.00516426
30 0.00164336
8 0.000853033
6 0.0022822
7 0.00561188
7 0.00938613
6 0.00130445
16 0.00243321
25 0.00323233
25 0.00193349
6 0.00130203
20 0.0123524
7 0.00639042
7 0.00561189
6 0.00227472
25 0.00292522
29 0.00418375
28 0.00700763
16 0.00245709
17 0.00410641
30 0.00240189
9 0.00379505
17 0.000664876
25 0.00558339
2 0
5 0.00268009
10 0.00424306
15 0.00835509
19 0.00729415
10 0.00543559
15 0.00974018
15 0.00283637
5 0.00832585
8 0.0015832
27 0.000658709
15 0.00972561
27 0.00196977
15 0.00644111
8 0.00157159
14 0.00123733
15 0.0110714
15 0.00835842
15 0.00534289
24 0.00278651
19 0.00181335
14 0.00093654
15 0.00554844
26 0.00438467
14 0.00154988
15 0.00785324
27 0.000658014
26 0.00352342
8 0.000851959
26 0.00618094
8 0.00726602
26 0.00665305
15 0.00974297
27 0.000659311
27 0.000658413
26 0.00873283
27 0.00573011
15 0.00787177
26 0.00173131
8 0.00756211
23 0.00425295
8 0.000854414
27 0.00139648
26 0.00221784
26 0.00192586
5 0.00353026
8 0.0018204
26 0.00938035
27 0.00509341
15 0.00786667
8 0.000895738
14 0.00123666
8 0.00804966
27 0.00685087
27 0.000658428
8 0.0018242
8 0.000894833
24 0.00283451
24 0.00118088
27 0.00066021
8 0.000907374
3 0.00174883
10 0.00423953
14 0.00432156
14 0.00552653
23 0.00706206
24 0.00627615
24 0.00194556
14 0.00144944
27 0.00198055
14 0.00154436
27 0.000556261
24 0.00154428
14 0.00219566
3 0.00149638
8 0.00113754
24 0.00162773
14 0.00124364
24 0.00161619
14 0.001016
23 0.00145533
8 0.00302404
3 0.00184767
27 0.000658167
24 0.0016262
14 0.00143774
3 0.00217169
24 0.00194633
27 0.000658321
8 0.00159912
24 0.00193715
3 0.00110413
24 0.00194521
23 0.00265827
27 0.00486252
27 0.0050803
24 0.00393419
27 0.000489569
3 0.00127654
3 0.00218653
27 0.00065872
14 0.00250562
27 0.00490778
23 0.00552269
24 0.0019334
14 0.00143627
24 0.00193472
8 0.00185266
14 0.00534456
