2 0
8 0.00166844
8 0.00249078
8 0.00102498
8 0.00137668
16 0.00202464
8 0.00236555
8 0.000201562
16 0.00205121
8 0.00198986
8 0.000470856
16 0.00243652
8 0.000271975
16 0.00672162
15 0.00874699
5 0.00359444
20 0.00863066
7 0.00203372
15 0.00543753
12 0.00935729
24 0.00019919
1 0.00275877
24 0.00668336
1 0.00290795
1 0.00258961
18 0.00471804
8 0.00220868
8 0.00106946
8 0.000275567
8 0.00233817
8 9.85745e-05
8 0.00229873
8 0.00152067
8 0.00163203
8 0.000166731
8 0.00104747
8 0.000527589
8 0.00162038
8 0.00167521
8 0.000756104
8 0.00201812
16 0.00127305
16 0.000258761
16 0.00537423
25 0.00203626
5 0.00424439
10 0.00716256
17 0.0149455
15 0.00793951
1 0.0081571
24 0.00812714
1 0.00671929
21 0.00311775
24 0.00511319
1 0.000547846
15 0.00387868
18 0.00223744
16 0.00244026
8 0.00048247
8 0.00048444
16 0.00144935
8 0.00212078
8 0.00179627
8 0.00144982
8 0.000524801
8 9.30475e-05
16 0.00220425
8 0.000670522
16 0.000763282
8 0.000644526
16 0.00110506
16 0.00272473
16 0.000641345
15 0.00628255
25 0.00222419
22 0.00550978
22 0.00515355
23 0.00676806
23 0.00993221
12 0.00664159
6 0.00254164
21 0.00516393
1 0.00658234
21 0.0057113
1 0.000995659
21 0.00555202
9 0.00319368
16 0.00485403
8 0.000310667
8 0.000672043
8 0.000777345
8 0.00179771
8 0.0018077
8 0.00131748
8 0.00151431
8 0.000564243
8 0.000855664
16 0.000518941
8 0.000855766
8 0.00214714
8 0.000228712
16 0.0016128
16 0.00205071
16 0.00230266
22 0.00487379
5 0.005301
10 0.0115879
7 0.0114031
19 0.00775488
21 0.000586051
21 0.00356524
24 0.00505601
1 0.00511687
21 0.00150203
6 0.000369648
15 0.0130437
11 0.0036007
8 0.000571802
8 0.00255447
16 0.00252255
8 0.00122677
8 0.00205119
8 0.00144032
8 0.00136364
8 0.00045021
8 0.000277125
8 0.00158873
8 0.000212646
16 0.000947434
8 0.00251831
8 0.00258369
16 0.00410734
16 0.00282458
8 0.00435223
25 0.00226195
25 0.00231555
22 0.00651752
15 0.00865452
10 0.00534079
23 0.00237465
12 0.00938449
1 0.00586489
24 0.00683388
21 0.00594965
21 0.00126936
1 0.000516347
6 0.00312594
9 0.0021977
16 0.00192257
8 0.00134332
8 0.00115438
8 8.60572e-05
8 0.00121518
8 0.00143506
8 0.00015144
8 0.00127339
8 0.000816093
8 0.000264715
16 0.00246111
8 0.00125411
16 0.00206427
16 0.000789257
16 0.00403838
22 0.00644209
25 0.00219844
5 0.0063853
7 0.00334074
12 0.00875671
21 0.00266779
24 0.00430995
24 0.00106333
1 0.00439012
1 0.00101024
21 0.00484821
18 0.00194305
8 0.00179021
8 0.000189123
8 0.000852186
8 0.000548894
8 0.00013367
8 0.000329544
8 0.00172846
8 0.00202664
16 0.00261631
8 0.00261758
8 0.00189591
8 0.000192728
8 0.00169274
16 0.000876587
16 0.00168221
16 0.000277662
5 0.0101091
22 0.00225802
13 0.00634788
17 0.00775616
15 0.00379838
21 0.00416437
6 0.000997148
1 0.00229551
21 0.0064329
21 0.00116613
1 0.00697093
18 0.00243129
8 0.00261574
8 0.00229217
8 0.000723782
8 0.00333588
8 0.00168009
8 0.00131458
8 0.00192099
8 0.000633191
8 0.000226061
8 0.000718821
16 0.00190976
8 0.000373814
16 0.00181167
16 0.000850477
16 0.000686976
16 0.00102202
25 0.00371619
25 0.00204801
10 0.00300078
10 0.00365244
10 0.010753
7 0.00738966
19 0.00060678
6 0.00265416
6 0.0112482
24 0.00241716
21 0.00473161
21 0.00709277
18 0.0103364
8 0.0021609
8 0.0021762
8 0.000892556
8 6.19292e-05
8 0.00091911
8 0.00169647
8 0.000968688
8 0.000844403
8 0.000721947
8 0.00130482
8 0.00419347
8 0.00277859
8 0.00211796
8 0.00194705
16 0.000331431
16 0.00247797
10 0.00659552
25 0.00306901
25 0.00793731
22 0.00259063
7 0.0118532
17 0.00275353
24 0.00513632
21 0.00527635
1 0.00685225
1 0.00691959
21 0.00699356
21 0.00462244
9 0.00216777
8 0.00072138
8 0.0021156
8 0.000468094
16 0.00199442
8 0.00175448
8 0.00285206
8 0.00238079
8 0.00199686
8 0.00237929
8 0.000142509
8 0.00049851
16 0.002514
8 0.000502793
16 0.000447036
16 0.00138398
16 0.00105881
8 0.00160018
25 0.0125972
5 0.00124833
10 0.00482499
25 0.00259253
23 0.00961316
12 0.00879603
21 0.00509964
24 0.000389306
21 0.00529628
15 0.00566475
1 0.00141035
24 0.00529588
24 0.00708238
18 0.00929494
16 0.00368015
16 0.00166132
8 0.00176701
8 0.00136694
8 0.00216676
8 0.00243881
8 0.0021103
8 0.000550396
8 0.00191501
8 0.0002006
16 0.00180081
8 0.00169601
8 0.000869676
8 0.00189293
16 0.00497067
8 0.00234545
16 0.00171852
5 0.00403949
22 0.00433393
10 0.00869649
23 0.0050636
12 0.00919364
24 0.00367275
1 0.000550166
21 0.00433074
1 0.000272906
21 0.00530834
1 0.00490631
18 0.00617186
8 0.000671273
8 0.00203139
8 0.000923043
8 0.000464238
8 0.00181371
8 0.00239917
8 0.00136228
8 0.000180507
8 0.000378554
8 7.37623e-05
8 0.00212581
8 0.0011114
16 0.00053586
8 0.00150302
16 0.00119708
16 0.0124767
25 0.00368058
10 0.00473028
22 0.00536033
13 0.00773693
23 0.0106431
15 0.0113421
24 0.00319195
15 0.00498454
1 0.00339301
24 0.00506323
1 0.00512557
1 0.00211579
15 0.00534184
18 0.00610963
8 0.00027174
8 0.000402013
8 0.00135564
8 5.9618e-05
8 0.00198637
8 0.0020383
8 0.000682465
8 0.000887235
8 0.00184084
16 0.00334978
16 0.000428786
16 0.00186309
16 0.0104258
10 0.00200052
22 0.00556445
25 0.00323945
8 0.00522932
22 0.0102335
8 0.00532082
23 0.00870364
19 0.0054757
1 0.000789554
24 0.00139235
24 0.00199337
21 0.00287152
21 0.00300172
21 0.0013669
14 0.00654776
11 0.00823984
8 0.00242253
16 0.000748177
8 0.00197477
8 0.00137659
8 0.00192769
8 0.00187042
8 0.0022373
8 0.000372397
16 0.00225971
16 0.00322685
8 0.000246532
16 0.00210144
16 0.00048492
16 0.00236763
16 0.00816017
10 0.00605473
10 0.00272519
5 0.00368595
7 0.00297789
12 0.00706168
1 0.00612876
6 0.00846536
24 0.000898044
24 0.00493874
24 0.00114459
18 0.00114235
8 0.00253331
8 0.00221537
8 0.00228124
8 0.000298907
8 0.00195264
8 0.00250995
8 0.00251951
8 0.00189464
16 0.00259244
8 0.000654117
16 0.00146246
16 0.0023359
8 0.00110157
16 0.00263537
16 0.000443991
15 0.00987676
22 0.0045052
5 0.00374196
25 0.00233314
23 0.00856398
17 0.00769705
24 0.00636687
1 0.0055725
24 0.00124792
1 0.00217189
1 0.00612332
21 0.00710149
18 0.0048194
8 0.000189927
8 0.00146873
16 0.00249996
8 0.000577895
8 0.00153627
8 0.00239814
8 0.00110476
8 0.00233051
8 0.00235976
8 0.000950633
8 0.000142249
8 0.0028919
8 0.00146017
8 0.00196669
8 0.000481981
16 0.000667335
16 0.000817081
15 0.00899903
10 0.00267218
22 0.00167151
22 0.00570438
7 0.0109893
12 0.0041551
24 0.00293563
21 0.00318002
21 0.00457227
21 0.00462324
6 0.00642576
9 0.0056376
8 0.00879837
16 0.00219831
8 0.000811865
16 0.00148974
8 0.000106442
8 0.00211405
8 0.000621396
8 0.0013803
8 0.00035462
16 0.00118721
16 0.000452127
16 0.000545044
16 0.00894714
15 0.00655336
22 0.00475615
25 0.00210601
25 0.00385039
25 0.00459594
7 0.00206791
12 0.00551659
15 0.00402783
1 0.00198951
1 0.00555785
15 0.00583193
1 0.00668376
21 0.0036028
1 0.00390132
9 0.00341895
16 0.000737959
8 0.00046226
16 0.00201958
8 0.00182289
8 0.0019572
8 0.00307004
8 0.00232059
8 6.37409e-05
8 0.000542845
16 0.00147346
8 0.000910623
8 0.00146855
16 0.00275451
8 0.000874849
16 0.00102593
16 0.00272888
16 0.00494576
25 0.00738238
22 0.00179554
25 0.0066355
25 0.00561459
25 0.00750643
23 0.00266922
23 0.00300169
15 0.0154508
21 0.00285403
21 0.000283565
21 0.00141286
21 0.00562305
1 0.00132008
24 0.000803948
21 0.00237887
9 0.00335558
8 0.00639015
8 0.000741111
8 0.00251424
8 0.00112959
8 0.000910783
8 0.001687
8 0.00239796
8 0.00236284
8 0.000181391
8 0.000997682
8 0.00134277
8 0.00191914
16 0.00108393
16 0.000756848
16 0.000749335
16 0.00099717
8 0.00252827
10 0.00408457
10 0.00478555
25 0.00346522
25 0.0019935
13 0.00731704
15 0.00565838
23 0.00850544
15 0.0130061
1 0.00129019
21 0.00246258
6 0.0054792
1 0.000587268
24 0.00486767
9 0.00565946
16 0.000634026
8 0.00134861
8 0.00148038
8 0.000386633
8 0.000861191
8 0.000911559
8 0.00176866
8 0.000933907
8 0.0013205
8 0.00227228
8 0.00051402
16 0.00234062
16 0.00269251
16 0.00285481
16 0.00124383
15 0.00967753
25 0.0023034
10 0.00531716
10 0.00267585
25 0.00700779
13 0.00646364
15 0.00522098
19 0.00460206
15 0.00402661
21 0.00663666
24 0.00461783
6 0.00207532
15 0.00466642
1 0.00081737
1 0.00125977
18 0.00505108
8 0.00279599
8 0.00193009
8 0.00175063
8 0.0022722
8 0.00245627
8 0.00191497
8 0.00222058
8 0.000846028
8 0.000152293
8 0.000441855
8 0.00258815
8 0.000703781
8 0.000530061
16 0.00232157
16 0.00105679
8 0.000646113
16 0.00177027
16 0.00709537
15 0.00909866
10 0.00264856
22 0.00743539
13 0.00804976
17 0.0067775
24 0.0037271
21 0.00168575
21 0.00433595
1 0.00111568
21 0.00574894
21 0.00311723
21 0.00593307
18 0.00604035
8 0.000338495
16 0.00144138
8 0.000207998
16 0.00232459
8 0.00121497
8 0.0024608
8 0.00100995
8 0.0022699
8 0.00231515
8 0.000455611
16 0.000813778
8 0.00118901
8 0.000706363
16 0.00333606
16 0.00177836
25 0.00721906
10 0.00256816
10 0.00352716
22 0.00584046
15 0.0111507
23 0.00258297
19 0.00351327
15 0.00388363
24 0.00618289
24 0.00127299
21 0.00480881
24 0.00703363
1 0.00111968
9 0.00692839
16 0.000933548
8 0.000739843
16 0.000554015
8 0.00115417
8 0.00164237
8 0.00136942
8 0.000562586
8 0.00147044
8 0.00134194
16 0.000679728
8 0.00047338
16 0.000863998
16 0.000629257
16 0.0027574
10 0.00457057
22 0.00312216
22 0.00624062
23 0.0112928
23 0.00290394
19 0.00631457
6 0.00357728
1 0.00326246
21 0.00537488
24 0.000445491
24 0.00759792
15 0.00403412
18 0.00758674
8 0.00161436
8 0.00136545
8 0.00236414
16 0.00260776
8 0.000269863
8 0.00151589
8 0.00265427
8 0.0019991
8 0.000242074
8 0.000674431
16 0.00151635
8 0.00216016
16 0.00173427
16 0.00183267
16 0.00166363
25 0.0141169
15 0.00878467
25 0.00556119
10 0.00258005
13 0.0114607
7 0.00546301
19 0.00556586
24 0.0071246
21 0.0014971
15 0.00408806
21 0.00334689
6 0.00375631
1 0.00156638
18 0.00749583
16 0.000673608
8 0.00113231
8 0.00138178
8 0.00256672
8 0.00174442
8 0.000960442
8 0.00055543
8 0.00200242
8 0.00188667
8 0.000897753
8 0.00202583
16 0.00117537
16 0.000472947
16 0.000290244
15 0.00961068
3 0
23 0.00779617
7 0.00395696
12 0.00862906
1 0.00420593
1 0.00175946
6 0.00475829
1 0.00505448
15 0.00419144
21 0.00227241
18 0.00119046
8 0.00214532
16 0.00102104
8 0.00240766
8 0.00179082
8 0.00193667
8 0.00125142
8 0.000909316
8 0.000964016
16 0.000460375
8 0.000280555
8 0.00140302
8 0.000556817
8 0.00169789
16 0.00324623
16 0.0029211
5 0.00375736
10 0.00575475
25 0.00338053
15 0.00930143
7 0.00406552
15 0.0116014
1 0.00515281
21 0.00277628
21 0.00361122
1 0.000348923
21 0.000627683
21 0.0010579
1 0.00427346
1 0.00656009
15 0.0118877
11 0.00830823
16 0.000602692
16 0.00110237
8 0.00112926
8 0.00173541
8 0.000808765
8 0.000938312
8 0.00105067
8 0.00015614
8 0.000252283
16 0.00254334
8 0.000885089
16 0.00106805
16 0.00458067
8 0.00267968
16 0.00319143
20 0.00863066
25 0.00195155
25 0.00247367
23 0.00348373
23 0.00641953
19 0.00986153
6 0.00661531
1 0.00161519
1 0.000284436
15 0.00501021
6 0.00669893
14 0.00534392
11 0.00332762
8 0.000489837
8 0.00255466
8 0.00105345
8 0.000679259
8 0.00231997
8 0.00177266
8 0.00160799
8 0.00052247
8 0.00251089
8 0.00181309
8 0.00127804
8 0.000820939
8 0.00169338
16 0.00132011
16 0.00175787
16 0.00254078
15 0.0103354
5 0.00125577
22 0.00410434
23 0.011299
23 0.00986573
19 0.0101623
21 0.00317446
21 0.00260164
24 0.00450696
1 0.000788393
1 0.000570734
21 0.00445261
24 0.00450118
18 0.00511964
8 0.0016109
8 0.000183359
8 0.000648141
16 0.00117146
8 0.000572291
8 0.00177688
8 0.00264659
8 0.000854604
8 0.00248215
8 9.74051e-05
16 0.00257634
8 0.000943672
16 0.00801808
16 0.00107767
25 0.0102266
5 0.00378479
10 0.00466061
25 0.00621931
23 0.0078067
12 0.0110375
1 0.00316928
1 0.00559957
21 0.00290306
24 0.00718662
21 0.000271668
24 0.0027876
18 0.00358727
8 0.000322207
8 0.00197583
8 0.00142305
16 0.000503453
8 0.00150633
8 0.000133344
8 0.00169351
8 0.00254137
8 0.0013729
8 0.000617133
8 0.0014614
8 0.000791251
16 0.00129273
16 0.00275419
16 0.00394985
22 0.00400061
25 0.00246944
22 0.00578975
15 0.00774576
7 0.00267261
17 0.0145092
1 0.00619896
1 0.00471745
15 0.00403282
24 0.00323825
21 0.00431115
8 0.0030892
14 0.0115201
11 0.00202593
8 0.00168071
16 0.000418868
8 0.00127914
8 0.00159332
8 0.00193481
8 0.00199409
8 0.00226502
8 0.000284956
8 0.00140314
8 0.00213624
16 0.00130795
8 0.000437839
16 0.00252436
8 0.00224876
16 0.00142713
8 0.00078064
10 0.010657
22 0.00586481
10 0.00251504
13 0.0117061
23 0.00207664
12 0.00976266
1 0.00246861
1 0.000300493
15 0.00465654
24 0.0028467
6 0.00486268
14 0.00655683
11 0.00403487
8 0.000388852
16 0.000921388
8 9.77552e-05
8 0.000856363
8 0.00135356
8 0.00152693
8 0.00204688
8 0.000784168
8 0.00108234
8 0.00157374
16 0.00157176
16 0.00276268
8 0.00154086
8 0.00202088
16 0.00152138
8 0.00174659
16 0.00238725
25 0.00472458
22 0.00234252
10 0.00407627
10 0.00963714
15 0.00505567
23 0.00946059
15 0.00960938
12 0.00880158
24 0.00318875
24 0.000479238
6 0.00375808
1 0.00528678
21 0.00725434
18 0.00826551
8 0.000875495
8 0.00108309
8 0.00226624
8 0.000772388
8 0.00176802
8 0.00117949
8 0.000758176
16 0.00253337
8 0.00160031
8 0.000336987
8 0.000373059
8 0.000927275
16 0.00248493
16 0.00139695
16 0.000502953
10 0.00488813
5 0.00582524
13 0.00876755
23 0.00545715
19 0.00710844
24 0.00486921
6 0.00581264
24 0.00460072
6 0.0134139
18 0.00499447
8 0.000906889
8 0.00147621
8 0.00152258
8 0.0014962
8 0.00162568
16 0.00258871
8 0.001605
8 0.00163784
8 0.0026737
8 0.0018052
8 0.0010629
8 0.0025779
8 0.00143128
16 0.000582534
8 0.00177433
16 0.000658877
16 0.00190088
16 0.0028727
25 0.00472911
25 0.00195808
25 0.00223157
5 0.00384254
4 0
1 0.00166124
24 0.00643709
21 0.00412242
6 0.0101026
24 0.000155552
18 0.00254031
8 0.000847368
8 0.000206321
8 0.00192901
8 0.00178875
8 0.00139879
8 0.00165103
8 0.00228609
8 0.000145856
8 0.000718986
8 6.57279e-05
8 0.00116946
8 0.00247449
16 0.00121129
8 0.000324788
16 0.000338467
8 0.000320719
16 0.00447929
25 0.0030606
22 0.00169608
10 0.00407941
10 0.00217728
23 0.0057776
7 0.0101498
21 0.00392932
24 0.00719616
1 0.00352405
15 0.00386484
21 0.000297007
15 0.00587902
24 0.00723813
14 0.00129241
11 0.0019128
8 0.00190847
16 0.00269376
8 0.000808802
8 0.000407713
8 0.000284722
8 0.000734235
8 0.00106454
16 0.00195924
8 0.000317206
8 0.000843184
16 0.00190549
16 0.00390822
8 0.00232105
8 0.000679087
22 0.00763281
5 0.00224109
